798
1231
1349
671
544
1841
1188
278
1658
1336
1176
1308
382
2095
991
494
1566
1819
605
1452
265
1466
1912
1419
1771
677
116
1929
1121
1807
1794
471
409
1813
1575
631
1587
1101
1080
1171
306
1789
912
954
1007
1333
2088
2023
186
614
1578
807
1398
578
617
399
1006
155
1421
84
498
1439
1226
1259
733
195
1323
365
882
536
1411
1978
1137
1544
269
2059
36
805
1798
1451
669
1207
2001
1757
1120
651
1577
184
1778
2097
1363
543
2007
366
81
964
2071
868
102
870
523
751
1238
873
1853
394
331
643
1205
1316
1717
161
1004
1277
1124
1420
1235
1972
589
376
1671
1919
2006
1133
368
1335
1467
938
105
37
834
1387
908
688
674
1624
1471
1782
2064
1724
70
1151
890
300
1394
1191
2048
1382
535
1873
723
579
298
229
2005
56
628
895
1185
351
846
1068
1084
997
863
1470
1621
216
1245
1093
789
1062
1781
1222
1364
324
1736
1719
158
1479
1652
971
613
1304
1961
1875
1305
726
903
644
1224
1856
1525
1396
782
301
1029
1371
893
348
853
2030
704
1309
1319
1073
1094
1594
10
1074
1522
290
1153
941
650
1655
1232
654
545
1772
2083
1493
271
2004
771
1281
500
1969
1155
252
1527
739
649
1372
1968
1948
1777
742
503
1851
607
235
1172
566
984
1966
851
836
1192
558
243
1520
339
62
1509
1788
442
515
378
293
2011
432
1067
730
1437
14
1976
681
720
1659
2079
1483
1809
1519
3
514
115
1514
529
1690
1284
1635
664
2066
1775
1061
207
1962
131
121
1501
449
737
1718
215
1088
646
1213
1135
377
1082
47
1016
1351
1272
507
517
1258
61
1979
994
49
2044
1472
743
1642
492
242
1194
741
1152
181
1216
423
168
27
1879
1469
117
697
885
827
1383
804
1613
1867
1922
12
2078
1290
205
183
163
1134
572
1689
1971
1865
847
910
1500
143
1997
45
772
132
1462
475
1108
707
1197
759
808
2022
1263
177
22
159
1672
134
1560
438
1053
1301
678
212
496
209
305
1022
48
2099
1449
661
1669
841
2100
1027
1941
1291
1015
52
1294
260
1480
1991
1565
1795
1996
2069
1928
694
835
1211
1315
1086
1457
1604
1407
428
196
267
1375
59
40
718
1327
1116
2058
1589
521
532
1899
1024
1293
321
362
1195
469
270
962
1902
54
1977
2056
621
1591
1144
2013
987
1001
565
1021
92
921
2053
980
385
1987
1496
1925
436
1679
156
738
676
825
1554
639
85
1742
211
831
1237
1236
41
1915
1271
1585
508
350
43
311
1106
400
1193
1072
261
364
1623
299
2080
1543
437
69
1694
1753
1057
1310
1340
1524
1353
153
127
800
1355
1677
1799
2032
852
706
687
553
1814
1576
1755
969
1416
1130
598
214
1275
91
336
861
106
347
1622
2096
1657
401
1041
539
1697
714
596
420
1539
629
1663
440
1215
90
537
813
1999
1495
1723
1003
1531
414
427
1312
417
1937
72
1572
303
359
2017
1154
1626
760
871
407
1530
1786
1803
1907
1737
1125
2076
302
1707
1595
1965
1882
665
1166
2041
148
1804
1692
829
154
1944
832
157
490
88
371
1145
1683
670
1992
1743
884
349
917
690
1055
201
1111
1564
451
1829
1261
1883
1490
315
1887
249
899
684
1374
87
1302
837
189
2015
1464
484
1332
1465
859
1107
1206
1458
817
1741
2077
818
652
53
2003
1159
1196
2051
752
1745
46
948
1377
1766
1869
1921
35
602
421
812
1060
1083
1040
335
1687
932
1964
842
1570
765
9
55
123
1538
1903
1177
57
1730
656
1181
289
1951
1313
1484
2020
1644
1410
1625
1911
7
625
663
224
2092
1568
1140
1289
210
967
1584
703
1054
89
1606
732
814
659
1346
886
283
1555
546
1427
1244
641
174
510
1161
682
547
1579
660
888
344
560
1325
1149
1857
367
1228
1146
1656
454
329
63
314
583
99
273
248
1828
2000
1666
1455
355
1295
998
898
328
1071
1492
263
839
1680
1562
1296
1435
1726
342
844
1725
277
21
446
266
1023
1558
1619
1076
1783
1842
1627
1926
476
1847
2009
1897
1163
1508
1164
357
1273
731
2019
1444
1695
950
1474
1733
668
1617
403
1685
238
820
1459
1607
1450
1098
1278
1303
1379
1248
1521
1148
2067
396
787
1486
929
142
1160
996
1588
619
1823
308
953
234
228
1573
1793
1109
840
240
482
981
1715
1429
823
904
1453
307
575
877
2008
657
1385
1552
1081
1225
745
1287
555
692
1872
1262
914
1592
881
1286
1769
773
460
431
25
1477
1184
942
1097
1442
568
1265
291
175
1481
540
1473
699
463
1026
1909
1801
647
1123
1441
95
230
826
790
129
332
393
1438
1378
1104
1366
1456
990
415
1103
146
862
1044
166
509
1240
1502
576
1923
1008
1816
426
104
911
1888
1974
66
779
1122
958
77
453
1615
466
1182
268
1292
118
513
493
1178
821
1848
1790
1246
1264
2043
103
1112
1009
474
1002
1895
689
150
176
206
1158
198
1347
259
1230
1070
1380
434
281
218
2014
477
1515
784
922
1247
83
1434
620
1136
1749
1583
519
593
193
478
1806
1209
1504
1536
294
326
241
1780
455
2081
548
1318
1547
1014
976
227
601
1126
1862
1131
499
1785
1300
1748
341
1630
634
1352
955
530
527
497
686
1170
1030
1494
865
1499
623
717
1845
2045
1791
1087
2090
928
635
1600
226
286
936
1744
223
1028
352
23
86
1981
1834
1734
931
425
672
618
1747
68
1711
1880
1485
1051
1445
457
395
1854
447
809
82
1367
2036
255
960
1219
2061
940
170
611
262
799
590
481
1918
264
1866
1147
854
1357
1546
42
1616
1914
943
1220
1706
2093
372
900
1373
1418
71
1110
786
1360
1646
750
1432
1402
1270
959
1959
1699
1017
1693
217
570
1792
233
640
1628
673
325
645
1580
1805
1025
1214
710
465
2021
897
788
1079
1910
284
975
580
1476
2094
1831
236
860
1586
1348
1686
257
1904
2084
120
2
1871
1198
1728
1143
559
968
20
1877
1506
1356
1802
24
1703
709
587
715
2035
935
501
410
1727
6
905
622
32
203
100
18
915
1399
520
94
419
638
1822
398
107
178
1395
1443
1751
585
747
965
487
801
1797
636
1540
356
1665
1768
313
187
408
164
511
1425
1489
15
1113
1643
662
666
333
363
1826
288
685
191
797
1605
75
1844
1614
1039
360
16
887
1820
633
1447
637
1649
285
1556
562
1818
1863
1920
1859
1958
162
978
828
795
961
346
1868
1358
173
1199
594
1636
462
28
1488
577
1567
110
2037
1389
340
1034
1710
963
518
119
679
719
1405
1664
244
254
1280
1601
1511
1090
778
1267
1253
1957
2039
1408
705
1376
141
1229
985
1840
876
1817
1773
26
770
450
17
2029
845
1239
855
858
856
1832
1019
1633
624
1563
878
256
1973
1678
317
361
1234
424
1993
556
925
1075
1702
1119
1850
781
926
1036
76
144
1648
30
1549
1299
756
675
1517
1662
632
38
1796
1905
735
1167
1321
1746
753
683
1064
58
1463
1350
848
327
1049
1406
319
473
33
1808
907
334
1533
1368
439
1058
776
128
1629
1183
1975
761
247
571
192
768
995
952
764
391
74
949
1861
1132
8
816
220
1052
337
1404
1839
1388
1917
101
1667
125
592
1874
1765
1691
700
402
2075
1752
1505
274
2086
934
65
318
1422
1115
1092
1012
920
838
1156
1864
13
919
573
1114
50
728
279
1833
1776
4
1020
1461
1381
754
1618
491
702
292
185
312
1005
137
538
1393
1760
1243
232
208
1647
1050
1173
1639
939
258
1424
353
1596
1180
552
1990
1091
1892
1413
972
219
96
680
433
794
1033
467
404
1890
152
1535
1885
1688
1846
1676
586
1640
275
603
1889
34
204
1528
1779
744
237
1638
1858
1233
1085
444
693
533
655
2027
933
1423
584
1491
64
1559
383
39
1762
1498
2016
1354
171
1532
1933
612
806
79
1212
927
1998
1331
1534
1931
701
1541
1099
793
1705
1906
213
1345
172
253
763
1881
1165
1403
525
609
1661
488
2055
51
1754
982
114
149
1891
1507
758
1102
1065
2046
2034
746
29
1202
1994
1660
581
133
1815
1200
658
1047
1433
1118
1369
338
322
1938
2065
2052
1982
946
98
2068
1582
563
2040
924
1896
810
864
1042
1032
1980
1189
386
582
1174
1322
512
1811
1988
2031
388
1684
458
1732
310
606
139
1825
225
358
824
1384
1855
1708
1139
1056
330
1478
1497
1100
1428
1414
727
2033
1551
1337
1311
1670
993
889
549
725
1128
1599
1709
1249
200
1283
504
542
696
485
722
2047
2025
595
989
397
1475
412
194
1210
418
1653
1722
1282
380
869
452
1255
44
126
1608
713
130
1553
1204
1365
1276
124
1935
202
736
1810
179
1860
1838
250
1330
1342
574
906
1930
874
819
1089
1956
757
1720
1632
479
1516
495
1581
1989
1187
557
1764
1637
1674
320
1740
1800
830
280
913
2038
896
1018
231
122
109
1254
1955
354
113
2010
406
97
506
472
392
909
780
1835
1650
370
1900
441
489
875
608
60
411
405
1046
1397
1654
977
721
182
1063
1242
1426
1401
468
734
1641
2018
1279
1729
316
1701
541
1190
2087
390
486
1288
569
1454
1984
1721
1936
1954
1787
464
711
1221
2060
1440
815
534
1223
1682
1038
1446
1557
1949
1298
567
297
1430
966
777
31
2054
2024
1431
762
1329
282
1696
526
1386
2062
729
891
986
343
136
1824
1946
1908
957
1150
551
1256
695
1274
135
1774
616
387
1995
435
345
769
251
1590
1827
1983
1324
145
767
1518
190
73
461
1947
1217
843
849
2057
712
642
502
1986
2070
785
691
716
1339
550
627
443
1157
1852
140
531
1390
1821
802
1011
1620
1037
561
1952
5
916
369
1537
296
375
667
430
480
80
1894
2042
456
1078
304
1924
108
1942
1963
749
1770
698
1503
1542
822
930
416
1759
1343
951
1830
1898
792
1950
604
470
295
1179
999
708
1836
1069
1784
1939
1934
1186
147
151
2091
1138
979
1597
459
180
2072
1593
1362
850
111
1513
516
1704
1675
1712
78
413
1010
1574
11
791
1761
1035
1545
1700
2028
