196816850
108726847
4877411
148264060
201600354
66403743
220434034
57368001
21590667
261067712
137508279
78309377
181894864
20914736
194970068
26789885
142844201
26027937
44426653
90117736
141773234
183771438
158974308
14421986
31733654
82961224
106057222
182220992
55776971
114000267
216785107
201280043
36611463
83090686
683019
98848653
188046497
17017968
254497372
54477968
161139120
303442756
92595907
23714890
168641975
117531196
37422528
119310413
133024750
213022303
155032068
40529387
103690917
221694858
33029093
60611062
117488479
3001740
203650036
169054646
279965238
238311629
58905429
25966326
150751526
150135487
164475918
302545663
38055594
40797591
127325079
65152385
157766388
58830050
38317154
83521481
173382820
237044358
174386411
174633348
176284441
97303314
142001340
295941603
286926470
118852041
89479298
298884520
201283792
113557935
202764759
714122
160883669
189304702
206908028
153633636
69180564
199051694
35729292
63441290
107131506
74347105
82112070
48118779
185075395
43913966
147879598
258895899
37766583
63965791
59925638
100741663
53784377
202174504
120421832
80779496
156379077
118066938
173940259
107632182
296283194
59115473
292744287
171847029
38068919
67244867
66755246
125875677
26729643
82156706
59205262
139457410
217099682
104159428
159946174
30527047
184385867
126098408
20200395
100818860
240497102
275875486
49319563
237022317
197724494
29302014
1601773
161275092
189441775
46301758
73305545
33291661
259477553
194191204
33910513
234758647
98265922
206536991
162370266
190191843
27925556
52093628
51382080
105877396
179772319
204014532
220012683
21557528
93085014
96588736
1135775
187545648
129117376
165065938
196862501
9065641
293042025
184508601
23241240
226928441
160042745
65420540
25096601
25863903
111551727
113546110
2613043
183450002
32939936
72842694
137651115
210727350
156748261
52567955
40212239
216505571
10302000
9180659
198893163
56436989
55112407
82212295
123627691
178038549
28997716
205343727
136791084
17414305
118723066
108223505
166081897
244335912
1268792
294620986
199642080
199805188
176033341
79073449
60859695
748719
150995572
209985078
161338471
156733822
204541576
83497449
46607365
191637518
7757631
128651888
68049243
48149238
34040508
12144171
131386705
212149210
146016192
94195027
119211545
142650116
54637394
192861545
36271979
238392070
190074593
31839832
230507451
116876958
246908963
177444568
152956403
231042734
975449
156619742
214913026
144347801
79746085
236727418
124725852
147910240
184858116
266829332
125472731
56091522
36122886
215748805
210986854
185130561
233904235
166927601
127072755
237173035
22865756
4485779
66357156
93413084
113423671
11300897
182771524
234459658
80128229
92482012
207248568
110107925
284019534
95037089
38763767
9759887
75738431
277541086
195105284
245681889
209006754
127788996
80471276
207036748
46585543
242886720
264500948
114727578
222008249
20772968
61779218
163968268
64060101
14258248
72387826
22605909
17649444
107567915
54553556
24632218
47291376
208838704
109780632
197245597
166880158
172976494
127594108
116411567
102454403
230967602
554278
247443969
232047954
80363319
172771532
61428062
31733621
205329032
92904111
150305902
57424113
144153802
3614782
36915181
150472108
245621941
48984158
182604873
174838943
31241223
89005236
111795034
171067153
204795948
241524841
82385352
219466457
3979930
30588978
248882404
191576449
35264447
198901867
10608804
191792074
5220782
76451157
132196353
154374262
39037163
106346875
113227222
4156158
184594362
285860790
81746734
45532207
112865325
293570114
181002117
92958887
126290232
179347474
622362
158429732
126345126
8542204
218680215
105736077
78332414
183382406
49350285
56436338
32498610
241862248
272499996
38937590
43908860
192170147
22277642
208061820
283896040
97659219
166385573
110881546
27099151
51300149
49312497
12860805
165580763
25445382
175263669
63895034
158620881
28648610
242876828
113268833
247912887
220561138
238808025
79542039
206485753
216023925
26122540
15702351
206014489
145320311
69434488
199908506
296439514
5270060
83135348
75155353
292332406
281824528
8311704
47288156
84883272
2110581
89286594
109205612
162421622
96204317
99723205
102687513
25452454
17299575
78671103
171512034
113557230
202140438
66939289
242781058
101656933
128207897
145670348
170215786
29753085
202843172
16710264
119530092
181966419
153991478
187801454
65421540
286701848
88173801
10181060
153156310
37343172
133439936
162543176
196498799
67492611
169771622
225848614
59756932
44762681
113729479
131130328
135865220
252044076
131032344
245078207
108454875
39403038
191747590
282061856
28939171
150033540
215380327
40280688
160767652
156297441
188949150
160288335
198573013
79049613
46252394
193486352
65155942
103890656
227777777
108750879
95132622
242935099
8415723
5250
264816680
260265776
172135798
180501401
168881981
96014467
91859894
150397316
192526458
27689253
28064589
77446275
119236075
34124250
188421568
161811523
102927775
119619506
206210282
161384593
54194546
147859903
37706629
67713900
226212066
127074858
186287462
95780749
33452361
29852387
283326616
186323628
33300480
201265166
22883395
42099265
114637687
14417857
293312087
134832575
259891015
125153273
66464409
74897172
291482664
47271668
19085114
236434806
144024725
206440537
107913460
181158622
24889631
154956362
135244036
180901075
237159970
142388676
146145063
30614573
99711581
44482198
47773209
297340487
131940023
23078763
56038151
122679931
68337019
100630947
45314861
141402600
163972488
107124480
21416874
109278470
259798464
92965596
62481936
61086207
205641661
197302530
109592594
106796307
36557643
116283279
209623250
122332010
95924900
153823616
225982565
196558392
55761025
97634356
64319625
156879739
210744685
29706117
65895047
71870712
26430231
31944667
85759872
272852624
26465134
18888504
68493240
163617342
84318201
21015565
61676491
228919399
71411882
144824885
70970228
298715051
136783755
250284905
249165768
35355224
76319436
145243748
110478743
236596014
85673716
72523666
100359523
106760673
61834736
23883383
216442661
170068207
246439849
116325720
95440541
80189887
35290890
143157943
1665511
242515341
27169419
50095094
230031062
153166211
57451291
243664576
190708114
30246419
117663927
234749963
191477470
42298912
153148942
217680215
18036199
71704418
8949216
13646256
25337857
199955973
103371488
109715095
125682446
157058673
268562040
547685
69856757
159800136
75368808
100993239
217289550
197190654
252352661
70686116
182851135
186483761
14544587
185258131
173846745
81151589
197571337
37490443
268487512
127461743
120838793
44545959
39361297
24841093
276090576
59837634
159411437
225933183
7585698
239413586
134274586
190016182
11151885
157636450
134223421
87753149
232907046
258753415
156941467
287465432
207647609
161248480
278136010
122658341
192044880
148773331
139673932
65200468
22689481
180648547
262317184
252074145
186344581
245540957
197966478
151662395
164805863
117370965
256528415
158655503
88603472
82512087
149331941
172386260
174002551
35140004
38179194
79411077
208491021
31669242
300416572
221775355
282320568
7203603
83336644
205424925
15701750
163896673
183074217
132748085
159371621
258785172
105277989
192341303
20498360
65935023
10450544
202760417
232593507
39146470
88199811
78560022
165353535
166863117
47728342
112849197
160162882
44866715
13802025
118693973
75639638
35433662
146517796
294939683
199210319
3249166
14671378
50229934
111422562
116617462
97622055
75092930
141161011
176354321
135400225
203086587
4677023
174674290
59773143
100311267
6717871
19510434
62478196
293691139
189191657
182557942
35330593
58931437
42849279
81258000
298493475
124651043
7617325
11952990
20362352
11978743
58977564
38731746
138941587
30280104
116515230
40051659
235996643
167785065
178414233
29873979
176225382
86481908
201713909
63990035
110397537
190073388
135554311
59383825
180206904
173453295
90302081
123671395
51822361
245874516
71574303
50818751
39524248
274410276
152861732
160461131
47384303
34442062
155613860
166149095
16081636
253218347
132118265
55975168
187484302
99484728
28443095
46759859
3663009
133938767
210903599
8817922
67176371
51085779
111498455
63098418
35177894
241903800
71082079
86469479
302363079
131610144
209917929
50275189
218734858
287812798
48239695
185494712
113312586
280275540
252024637
128593044
49630184
191101874
169684620
171015775
42005897
26302344
115959445
181819729
15503746
95279056
242112520
101695880
101529420
150137344
11807754
165608075
157314597
185259386
275518260
141721383
249176501
198346312
179936723
293488473
281857216
254550709
40130306
64787956
200086626
91293844
291070006
71527252
15095770
209087920
53181165
1129452
50744279
217391754
147120267
72613527
283922576
110248234
243053090
159484357
53258793
9946133
80650761
154230933
32467994
3897969
11713535
39082468
38436635
197904909
237879937
272981192
79865632
159428605
188509200
9439949
161013852
173859218
158944454
93030550
206214102
73231305
111182405
14551726
133268317
81054122
204493190
292070264
45145682
198398830
61070572
87071236
57500988
59536273
111316830
154940949
43955374
194893507
103848468
203092936
202894728
201757829
20207081
144532046
86182317
285883244
44021324
230404323
309404240
273817824
253121356
216364582
109373866
163432200
88344296
47240858
37294596
185914106
10385370
288094442
268110072
119368216
210018093
169902951
63020970
126471719
135066372
150909485
80988171
58907890
57770056
134839311
174287424
26633617
197385611
209869297
139016142
20683035
33279432
252345719
55906572
14906179
213523850
2184507
66615366
26101823
212134578
103260848
2039434
20704366
300708628
71875007
107124497
58297398
26037697
25634320
29052354
201678836
162288536
118189718
34901647
161405419
264625792
111003065
76420334
184524833
183337134
86499586
132300630
30239820
87445402
80494893
55352649
105782521
95380196
74772820
229516311
106816274
72207742
46028967
130051338
105503045
115996656
293376584
228908339
185272838
37396841
161309693
133680143
117657402
213241329
194305157
187462398
272181160
180236782
101000574
240551525
144626100
3449240
255622304
164318687
112939816
114972372
13565651
221961243
27578696
23608098
173344308
73721802
182426216
112994491
32847394
20464587
138044624
302606492
1713646
245314153
283382726
64019582
173909336
224418566
62097332
135879753
155071993
115167911
85046830
81160212
101530848
33096779
77980915
179129702
183998097
256525720
105725769
206982761
192503967
120116659
252811208
212078557
203153814
138581545
162319690
80550861
81439192
176771895
240405101
7020135
50600002
100719181
188189790
171611544
188056897
245708711
137531238
144762614
194820693
245255545
123696203
106259770
71926373
18149166
10478285
56219610
64369759
113260911
105243827
42681063
94299484
206599635
217779981
8334557
6928806
195459356
242549338
188266554
14216099
190420357
33865373
144455775
83148759
204624428
9740704
114838001
12774878
244290943
242242432
55763300
188615226
108114779
223858723
168244631
186642906
156440750
53509003
89226643
65229865
99961115
193129684
215087521
91881892
299153
255096684
220680498
25411448
242469861
158608850
132418423
101725007
25827559
170382539
31425362
121291260
71510748
181154544
93644606
241776037
65147980
99077905
124234882
210576042
265859320
12529679
101803777
169929928
71777065
157341587
178789623
155003926
104727643
117022366
12130111
75240572
223064225
184987886
193103684
174907851
103563010
110104967
100351493
251634185
95084569
62654923
111163130
125424716
280363186
234929278
58618147
211421471
91085389
57798235
62858973
208616727
75134679
177050329
143198617
45592640
115487966
106806146
66687732
106578843
35864169
75232211
189272257
70915652
266799152
188910738
18074031
42380987
113039667
30912860
160673726
104109817
7015471
92600849
140408017
174459790
47063596
163669475
257422299
103804924
77665527
67001780
207424334
169653526
277967574
178605069
177625788
138279635
85458882
75689918
26762388
49063269
160791508
52203520
27685049
26333936
106099216
95531306
206346171
58217836
48028873
72930582
130303679
36714440
102825821
122551425
87601770
76296787
62811725
189129966
76032287
286637360
98624880
35701646
204679729
227863185
54999247
211454678
11149819
113300324
130882834
37123018
1612666
86332470
181693930
129371925
154230723
227811695
22003611
39334748
178465090
151331732
234024191
66508737
273069628
223324734
91871147
118838369
153017703
94936385
81743539
131463112
171315014
153076975
247853623
297650024
238048910
54291917
232756470
242523654
239045127
109967112
39446138
241091767
167901416
241770928
228912039
4064412
5387470
74161385
80239919
287973020
128236624
6439568
2087859
131973876
267235316
84455820
142750305
162068651
285882402
53711793
242039522
11403772
67965357
133234931
161663718
66078954
174896111
306971738
216500614
66748534
1851828
58431944
115784259
140499826
114912926
45974860
108877388
118894547
54353026
122216032
183999086
202618978
186903958
231456970
87938922
207262142
64350600
218918267
140820563
42657809
139343012
73495968
60608576
22088241
80630217
30695285
122026623
2083767
266479412
29983962
118585913
60210313
221316926
48772264
49228258
223330523
166705920
33098857
14706578
88775181
26897314
161759944
3244702
78799565
59662830
131348564
96249915
149579610
110658990
137588230
147563118
171383863
108264287
189177145
64973908
64261708
238773402
98312003
176223416
32749624
65315657
183983684
161117453
225048159
55143039
88579585
109207860
55367062
28424408
111044780
23337959
99264709
24932641
120589251
100916842
215540943
87601937
101339059
164511211
27023260
214658749
149143479
100833937
65716118
69954842
83123832
193156880
144813543
194854693
291967240
86866292
15415372
133149797
15841597
173249224
104120883
63671946
146427029
57333945
231255153
244485884
88152309
51557405
33807030
38049880
148831715
81585721
166639984
81170946
24721232
240332107
188394070
182038346
209626174
297510921
116912767
222284298
260118401
232879561
249570072
27117407
77279068
118541865
56256991
36154073
140854798
237578633
203101149
277984366
36349097
143629070
170485590
94234855
60549077
167277296
157391838
159922493
66255019
156426681
30699429
101878879
299991818
151256632
83955783
203387556
98928829
18109027
17878330
111754806
14507290
88352678
34919318
30710202
70844556
91729217
144736
134641355
142408262
3527485
152959594
158136791
143770130
122492047
49629862
234348805
37466720
194207397
145908178
4325465
25831175
83599495
13556140
293600797
41847338
234262106
142790708
58411748
189451813
59382844
50769696
100431715
68224834
254928785
1699101
208900216
126595775
237810083
156675178
198722652
197657608
97667936
131227694
163930591
102016550
235788745
94851051
248754096
245043777
124776658
209023275
38950395
46785501
30454984
169937489
80119032
10144413
21406272
65638515
246241028
244495573
147079200
255728964
50797633
182422786
150789931
28229872
260320188
224396593
203968405
103638409
101142088
84514126
63276972
159077305
152419713
62878249
76027799
120852852
158159336
26808868
29730534
98463542
62418323
226033921
102552233
118031880
174226719
62923086
110546460
30172489
237156166
47887890
134967717
250054424
65754991
72417734
145825155
93341815
260538236
95930936
115037563
129478138
54103616
23306116
55623839
30452777
125589748
89691468
134516625
155183068
240810001
24011187
202949952
124059151
65117175
112962796
9245216
205965436
174507916
44153929
303467308
118274084
189813843
43700700
161140815
22503648
156787969
160299889
187692242
15878832
59332369
197328486
82436907
157338877
21138994
131876863
86150792
19668647
12563913
216361717
240145967
226597231
241424434
253469905
77818807
134224287
18500119
93212858
147395962
203765587
200680033
25822628
148674157
69849141
83770731
168031436
170474212
67628444
154123088
283482222
298890193
161240367
126388107
164561444
186194652
110899658
48626533
1601069
121133260
93259090
178168238
184807923
9209946
80511960
209665002
186040249
198914333
10162301
81943620
48666962
94510414
201737586
48386574
115436501
49724738
1971801
2643609
68540434
267053376
104192353
94521606
17567828
29268335
12259303
130201800
82287546
121891688
243808569
150882304
861238
184554757
201173206
199816966
8978697
65958466
216688763
250375228
113321644
118554131
66650717
41846650
135503830
139695479
21796349
92940732
161211955
60706503
91627755
197518122
35192186
282052972
63808332
47524459
157275758
103445207
117312360
7507458
48798067
58551955
53986832
278209338
183241744
280421462
302394761
33518079
127992087
26637363
75011941
91687359
100057229
100070732
230633575
156071982
154296520
102263723
259050705
11718802
172434236
63157803
186673066
155624237
248549548
210019205
8795607
10144504
45507376
97818502
111130695
184694766
245845321
89523414
212915541
6252885
76892907
167013261
129300430
182295415
108569990
142475478
222180483
101719689
219414811
247858756
157193017
160922242
185390486
256645945
130324181
11207650
167417654
2428602
163001223
159812802
95699780
3347312
238700575
209559315
99083518
108560573
189822258
104830836
205829374
157811997
99171164
89732768
136891549
99713453
60217594
33778112
49832324
73195149
161007736
176449171
304971849
113544961
142793906
200673341
9823354
203800963
176103650
97298878
41883229
55751308
55426012
109175936
212466515
114632006
183315077
210112807
213231597
75273484
253813925
175948419
16167221
45811573
291447290
76767
64611580
171160183
181212
93108463
15196746
221958385
116482142
52321307
34658438
21261374
57603447
33622085
150326378
33659046
123101539
282755920
201974556
87734805
86540
213427457
21979395
245220208
29962674
142706526
233726801
171691017
225392937
22371742
164761364
178574781
50032397
120164786
9544834
162081645
6820462
303525289
70778973
202427012
64368515
93478035
948368
123625432
147602451
285600472
74855005
54826284
76171050
284680706
16574348
106147454
95181268
42928788
70408902
142971534
227231487
262326400
298178235
9811609
62352668
217554887
195962272
211159862
152585209
69812769
194111617
7527129
126701146
49893565
212302055
85643975
96400571
182726567
188386352
23181958
30425578
237036035
71809133
211544205
174415183
133404545
156615447
70398582
124556386
11813637
121207655
215877085
144679568
213610494
191203821
36404933
49342564
1834453
170172944
176539817
99255590
197620904
53097340
144578181
287824954
62633395
12070928
189123038
186247831
121360145
124810250
291819440
202664112
4595423
45774794
198804975
86041729
106966738
15680561
204742217
51293702
43186470
21551002
94428876
82020006
15221799
181385269
174585005
30500254
118792304
101731521
158277459
214390937
168094655
107948398
110238251
286968172
68532738
47457723
72627862
208879416
117949868
248076396
86466985
123974970
192105970
110412872
205285563
22875444
218317467
37708732
92503355
215786295
86168617
159365538
15576531
92393218
285869008
113224251
71498571
92107940
221695617
127426141
25539892
218121619
107273897
99133844
96282673
109598076
211920439
196098976
211363179
147602462
91736333
106592046
35388317
47384202
201495555
38323067
46030552
170491009
81591317
247065555
42061089
133228469
60557056
161896440
144845684
53091150
252012035
3498717
247887213
200491490
192196598
285386664
146762928
137460095
19594216
561758
290542222
66530362
287264958
238621950
190650796
121900241
29111100
80098179
41883322
36978196
136137921
222060673
129391396
118920238
36856786
197237005
62486194
156271246
95898619
104870123
96556535
211270134
126992940
200524998
127311699
286988428
27901693
32102983
53901705
256613211
231416829
34161935
77127388
196595568
101690993
131785763
172145195
42492910
45292137
216025815
17284266
298950
47164966
125017535
88525821
31385451
9128105
273021336
88937470
277635586
190060278
64023574
32125590
230944154
197949629
166604341
155772849
129114153
249232725
207718097
199243806
9563573
174923254
30042027
33260507
113752996
75864605
73513367
248518501
46957399
83992730
195780309
107841348
48365975
87832209
105274697
48080423
1936551
122188548
110824765
58768356
22283916
120514307
57033787
281535206
17531316
96504332
204401529
157235483
297620161
86612326
36495125
114325392
157899431
61772065
215508170
99244433
170591712
14098833
79474322
56413349
129966650
70487610
12195913
276225812
163361275
207009485
191988742
219706418
290332490
94229851
67579257
74764496
206088606
7923954
42935819
261336456
172666220
249643192
209807861
88883891
153144971
294560519
94908699
43284145
217709850
107377573
196223620
59234901
17995238
103731895
71603645
189424582
11731710
183235801
90033155
70075801
58298928
204477246
145512685
14962163
134765677
293303005
93882483
163114751
141160698
276958784
59099129
148322156
142775542
273437868
264253640
30548861
84045371
293478944
5600822
202491399
5976642
222050169
127272741
34384042
198105109
63391345
131962554
127555883
186126772
166374827
92484390
14165501
10253354
258531019
83928705
104408704
105159791
180789959
164695293
137610845
241004229
153956921
160469883
120113754
140911953
240948167
23672423
62985928
29239329
54507379
82174211
60958088
72958745
238013546
118086742
285282740
71871620
81678279
111362598
297059619
207869089
83681553
200175559
17497581
165073598
164097534
70180527
239919157
10810391
187999074
61031710
166753156
105586920
63615483
125718224
171418611
44421638
1006880
11940338
123325040
172518437
82418411
86433707
8567888
196707355
24366790
91952768
270777688
245863248
72135587
65398650
160965612
110194091
192334796
58761868
60227446
206510641
30036927
94110492
71390526
225434610
145927933
87424218
233424343
198249024
93724705
170570863
58439284
23492094
281168230
258602617
90571509
182593878
2259650
155881626
96836693
138725344
117601858
99766416
159248043
173799068
62078957
234286554
104721942
79316774
192703190
179404476
148246305
110906645
165356998
4812175
150182632
159852613
175831055
210177498
106170243
196066421
71331921
108595389
184987922
162453723
217303525
100053304
257724052
146007471
108007732
251732117
64754418
51699341
177827103
86055705
34281672
78053539
190900804
96902425
300669819
42198457
87740709
186022495
100769089
180801118
174276289
190305835
7431946
68963476
112626210
288916596
65909415
189858084
86338111
43989530
175918089
67083031
97017439
20626832
46055854
136998614
287122626
23154676
149820947
33651880
24204083
106333903
181291605
159688146
148631188
97843739
104321718
30913209
41407280
165851788
66229356
122444332
49050405
126522515
199236587
86912006
86733992
234555589
87907200
105445346
254739929
25031952
121168851
4603800
30739537
125950209
167118460
263993336
5232588
55334302
80604456
101212067
168732483
45411694
16084897
86502662
211925330
198081354
119909634
126191291
66211595
42043359
43607599
21822362
32592631
171580979
128925610
42363887
36502549
95137775
148510973
67349307
77542968
244789964
132180557
244823619
937567
153821154
42695514
152542298
234108053
197579025
40289887
5217749
166539261
8776918
56957512
103911620
82352462
121497634
88296152
175150816
9134079
91807066
135147743
157569705
37727952
70489471
108183518
231060378
49769103
167202599
285835754
170911456
21316693
145202608
48334326
144071257
210170887
65173746
86476768
296254406
55739825
53691822
186310598
155919035
154458931
27545486
238830374
165779930
140825164
113196318
39322716
168324795
59529444
90711776
29569611
112763045
60744461
46397411
240810622
165101762
126340495
137222368
174170835
165239864
16080105
100444456
65244880
133719158
114617787
137334839
82203951
173931686
22301321
37829487
65145468
56684410
1024319
201816765
263860732
175001491
194872360
110489310
131023125
33706322
198314976
73564778
247313879
155042139
20566124
237704278
173649791
168571967
250006052
39834113
231469827
198735293
65342306
181564172
58529751
194196780
69587339
191731084
23717586
132593770
204480696
235692659
37419728
152850905
194432540
80265154
4318904
87162199
33506449
51132884
129081996
35039277
36791999
75463760
75366244
253961136
173434036
121280370
197364659
161383225
57433226
53244117
97474440
66950079
303007171
43360645
200059104
122956129
152078939
112986636
55319994
95853467
50700418
31559824
46534663
130460859
635733
161816812
31668589
121674532
155342268
18897058
210046841
61046224
257256783
195072781
131444737
120725727
82046939
2753525
18869916
33261284
136139505
151015947
77194239
162319568
235758386
176590636
240749915
49413665
181344998
211315837
124070622
168539881
175447188
205730271
206398775
131227682
82438562
83671083
237244349
63555332
55502052
201889336
15474494
192742937
21075893
196156695
77387906
223181037
246258933
111529766
31849177
32577778
247195205
255007865
84513749
224070533
156946266
102111851
35192299
24972502
37026839
54819677
179394166
170329549
74126541
148467772
240482294
208464394
835015
212751581
195584941
49627054
21861124
30115594
91690667
30572170
85935348
70779914
33580866
5307960
93275329
98649241
18263482
76211030
12760368
284729488
65064340
133422169
47672756
119949344
14126086
162809784
15564408
158324196
197406178
46637811
81556495
19062398
154014392
33013552
114024939
113186568
251706843
192234242
181666776
248690176
241725931
38465050
194619752
172381385
224033250
49624770
191126693
44156169
161623464
87548320
871990
187463594
104032602
83188092
69828237
210896662
136866564
152945749
143235127
193840893
31007645
103624897
27279261
34582304
36017955
123734483
52781598
4834220
75970863
182961604
46951849
20366600
59825286
158576100
41719717
3054990
30061970
159726428
306547522
52731290
192772707
48845802
271938268
122538805
71888942
92612763
103631407
95996939
11161178
87273930
5314150
41887439
215776525
3238976
44314169
80067793
66438889
26861985
27424183
187283749
211059621
68809194
92929791
29081256
186517004
110226344
205479294
49191483
203440072
86732465
67729331
129102620
177591797
27873947
61506388
248444377
71335402
143459727
145606876
144854157
58893462
68325099
181304845
213737989
87694960
194680258
187877855
288259150
28031199
93126933
171726897
183490713
115632831
141950398
30432648
96963765
10869571
90672622
149424772
211197762
255010251
31889811
17432212
14153959
273293320
167017825
94120095
124641717
56911639
12673872
212660921
96001430
191244808
188681523
59790700
246627895
213775315
125141344
35227774
122620165
166048025
93300963
92025878
102270213
193987636
57866383
112845094
212806127
172006888
104635003
254814380
12423315
159677499
52545855
225379182
12660489
16720641
20266830
146999982
21535912
283872900
154817899
87201181
101602586
242985754
260376156
123904490
88659639
23643789
88248085
3974133
60296891
42771635
149810726
54293428
109173829
32021037
154730370
53245953
142999522
94670160
79017735
171252939
150282867
45353031
33457161
162740609
270356700
122094388
110160904
15305418
74161590
163308692
48456902
200857908
216598286
1603625
226260133
296979815
80250756
53621752
67633077
190022459
91303257
166669789
205793409
381543
22627659
24334631
242732085
3372923
64514291
108160472
61189155
183306243
199659716
82263745
183574382
181638799
214619754
45422636
5689496
57103808
124400480
81579335
238516802
146611097
32710856
193956726
13227098
35394734
124663731
234190577
175026514
19616379
35849335
228045441
77870593
248899637
65729155
271073348
178717672
88705345
75277726
114578751
27403206
293758845
50553129
213720494
44755776
105788297
99616757
114030647
161772384
115571373
106834867
253205489
92276000
16645459
189734107
88035166
103411746
33214968
220048685
183486202
62545742
148346652
188250158
195968966
149920224
207915392
66596291
216211930
137846274
128608678
159524722
154145611
201656921
167985276
54761333
129925351
95325409
137158399
80022321
212648189
200817099
86287245
7249363
130280718
32415191
283558096
115671217
39758678
170201716
71952079
239544929
40080833
7907686
216217925
164296368
24858005
60424237
128934005
302472242
50801801
85366890
171965445
130547869
112547463
145275657
136495026
205731112
69946630
129520075
51558260
35009482
119428254
30440303
70967454
239299518
77214425
4824107
102921672
159850817
69953893
172854515
241210827
158891314
137022689
75598925
143643478
203222843
181716896
96914675
180596443
33282871
181593489
194641575
85959768
79658056
163162333
107123140
184215735
81672131
248040416
83975567
172795625
216047087
21580713
18697313
10599862
159424645
142799594
164820245
279122638
58530556
577614
61632730
110369840
264438536
216088282
36775354
260788360
36963214
99110207
155673786
22075531
29148231
16821928
113667989
176261926
10854426
183838531
225512626
75064242
96696864
134017049
57226729
36439985
58289184
157080495
604988
49767455
251635136
80384872
35220143
208821410
172842461
146022542
152497084
73726855
87040683
32126281
251164636
85426082
224754050
258482885
163281091
257449387
280824162
9365873
195322037
186069406
183803328
54310644
156565178
258806371
200913780
9845449
66052983
94019469
170460109
27262175
130351904
107028289
101596530
220602833
210905793
33071192
243141191
5949488
70780053
121865430
202921867
20724394
58029555
198605042
194544287
165240612
137837203
175941533
179481154
203838394
293463755
14256995
149795092
213307502
44240866
80164199
68719896
63702300
108639015
212426459
67708331
178233300
108950666
8259307
124437057
195946569
254201131
49380630
292881361
250826540
245342503
102268574
130312302
44010163
26802825
90037349
129501816
292741048
48058475
68200610
205014771
48492052
108943853
188167163
48525807
52435421
57234698
229556803
172105480
156818121
49462664
14702137
149505485
976129
154533830
157095466
127220350
124712421
159994178
116494569
97782908
31887973
52293096
82686146
201122970
239921853
92436417
262814808
203643703
120523185
266736356
44370809
191937970
198850929
134213189
111442295
141023389
249735744
983600
77194086
181850506
37435998
56899274
113124720
234498398
172470005
1364546
39941720
265545744
111202525
181070203
92663477
72629386
7273540
43114966
37827989
200362041
2382003
26461910
74521316
82071844
187520593
19696244
199628395
127628725
77905942
88271258
19094181
27872805
130764464
257491997
190502181
155718820
94690173
215763021
160887309
200036280
44169472
99374297
7440594
215844562
268589228
110478090
200376716
207830797
119937035
159277759
182229935
148928721
168726386
10856494
182491331
99096740
196403090
113580708
53898495
127208680
182399789
242937979
158495272
127344335
133997970
53779471
242694628
62705916
229911
95695156
185079540
146900719
199693353
91883012
20630908
77830706
90272527
16154372
77124916
268599796
136668535
235658693
125912054
87341384
138570935
170377069
225176638
39204929
159114904
100894366
143877335
243801291
104055167
224998865
112199961
121884238
83234559
151229648
236394893
52942891
133378280
154687199
79155765
203370167
257377008
201978799
197413514
52072237
47500408
206183065
258530685
129364343
51941260
168771588
203241031
1950243
41606445
151600301
236042442
94269421
245704809
128790593
57271785
109458201
81139130
110546832
43160799
227083521
163415496
178003047
17352311
259611075
144412676
112110682
120696775
18604016
56333620
7955670
166545912
109669093
299060755
68316900
13190476
11794760
273082868
94088853
58481977
207186541
192538478
98882747
98561727
14717252
79243080
21539893
110304379
84471496
207633085
120420435
31817706
39911920
60343142
33904278
78341587
54992167
120139965
146809006
136021775
242572214
37723786
160640171
45118807
57974873
27543430
106980036
24469287
157469247
8865447
84925352
261602452
58435428
7163917
92593907
165755355
170198088
126796140
231026651
151234988
170853969
231029951
1072465
11613587
108878910
126622399
245859173
181453879
148362155
73518199
23386002
67694595
59945701
161062314
176929122
166224568
174137629
262942892
52907921
106986812
79211079
170095814
133268706
158173228
1423371
180283418
288274882
221744925
143124637
84585204
130534025
34102593
107984181
45617627
3747293
209817175
191979928
285972122
106956838
72996988
122803519
84908294
182835747
109201849
124443679
93189271
39319649
85497862
112376397
202598205
45094639
52217458
241217182
11970504
73835640
143153541
149741997
182326985
58953935
117194705
64392327
272820556
228649481
165691348
33995654
125718913
234488787
28731346
295981434
132014951
244163929
195607832
6144819
239511574
8784496
262861632
83420834
43248011
60859324
59005471
193196975
293587092
181584582
130369238
209340839
110650041
128470551
100519466
195414910
33228985
7736384
250238131
209219032
36546868
199603191
232864591
61806811
75457821
155963474
96167505
19586574
72978546
207976673
20930269
3450426
193087158
4986667
248216340
297650159
126887624
122798021
168163793
85518568
191760370
263771716
46021731
48984341
58345543
57905818
208127048
23219829
169964396
207208914
126200826
72717958
164961511
218585765
98624963
108575170
284934852
254458836
18066817
158476996
27139623
242421974
18319108
170947678
8013465
83746733
12610800
156965566
185743629
225734651
115567288
136135322
205058166
199931153
120237789
155420511
82029808
82778779
60736966
97604502
231805700
230572014
41559627
293269191
86016715
219466905
216674215
55755821
189795214
31727716
40837142
116564064
204459221
68685708
145117004
215208719
29764828
31187179
177313747
118971362
28453352
40652120
253044003
3783783
33614428
196059860
158877899
237704094
159535257
11024186
209772097
25253730
91828380
215160630
23046596
188631532
26822907
212570211
131473057
7418489
88410966
179077731
139149185
100096071
117345810
244445520
209450381
222578478
302883346
214299751
138482130
274785080
11373749
181118785
249626280
10216256
44321815
253814117
14465359
100642975
72989129
219822826
32965833
50811344
282464648
54568397
188988198
46405162
60236480
278247296
43189361
95044091
90104676
28113724
241645675
163712958
247032504
296260221
208050447
167815968
97069030
90541290
123483924
19302548
95911580
99704390
186167611
151603712
51512715
103649913
293422780
189866742
197652539
12985315
138115430
123461705
5860071
212502033
16231773
156821142
5990132
287848624
24610082
4897767
164543231
162214363
118664413
158561350
190675881
183048608
91800733
157530604
28472068
26601561
120106834
28886158
189086011
33993318
2531540
127850470
24872208
24583127
114924461
199568480
227490126
254935843
55120589
40576653
10262121
200282141
107452765
68240622
79319075
77565315
161991221
181010210
253549183
115958331
289244540
70591968
154485753
94161846
31162433
65610147
94708312
158481258
119239620
163140792
215586007
32644336
235209794
304081461
95059220
275086284
276057148
27371247
115655987
127117386
39899978
210152510
200574126
80145435
110470534
46178364
166228529
210172601
259301403
58237510
80351692
86256882
108512521
277095274
216042414
168349102
17530772
232207754
194670621
44221885
994489
162076421
28165186
79715089
43684632
218354629
151943497
262195804
30519870
76787637
180753437
189818681
55457113
156407373
140086587
124878949
107743243
123165817
106042595
54124359
205758042
167194020
69009454
177213985
70327507
140050187
279406744
34177747
23225650
44472980
160749747
21061921
182499490
14477878
87740541
111212436
27171538
72907554
141118871
43936108
83849502
144580725
133964193
161659407
107818793
66725148
186932671
48175931
56002861
178964139
35489574
29736184
298222970
183294889
176684532
179390131
219551734
167167647
35047392
26636189
118695833
64027842
102295765
8100868
30583864
77136810
184314651
56840402
88921433
58223726
168053527
103360
191365887
22470137
85210874
153097805
157692363
115008799
174762197
160427210
162649407
134322141
105159839
293527273
161366228
201187797
112504953
153945772
5759284
107623882
181608676
97614578
177466116
83168693
243020996
185412742
52723676
159734412
276118496
219930123
53875128
290700906
105384518
45030250
170904528
27579751
17495098
207477282
196609297
39622853
101687527
59157389
281864662
107476377
65350586
8585433
141873792
303129589
62990992
55300764
248613483
27168078
10218563
114324869
248254297
75182781
187588985
137451490
83625754
165216496
263171804
92914917
264626784
3674653
127335438
24919113
56789999
86738567
129211317
44874005
276526080
58057627
126269125
85714521
262474788
