1499
785
404
1355
1198
560
459
834
294
1311
1497
347
1222
34
1287
307
1241
735
639
670
503
260
1203
1324
627
817
570
467
985
175
1073
1055
1476
155
238
507
227
982
1099
533
138
1471
284
901
1455
367
368
393
836
920
728
863
1461
3
615
914
71
774
884
1226
741
917
952
734
905
928
1229
301
871
1430
829
658
447
1469
498
514
281
561
350
286
95
1052
1066
1168
926
738
1363
1159
151
1372
19
240
998
825
777
214
847
1193
1208
425
547
1056
873
1068
1244
717
86
637
960
805
63
1213
566
237
220
205
378
389
1161
187
38
909
84
383
324
813
1039
518
579
33
993
1156
386
135
137
848
141
572
628
365
674
1209
869
786
544
1317
743
1329
951
1234
339
716
292
835
540
154
1030
554
1261
1064
1508
603
551
80
1108
1495
1467
1393
1277
477
890
185
207
607
346
899
620
631
788
1439
535
1434
781
760
816
623
593
937
69
902
1488
844
842
666
81
944
239
969
1416
362
78
749
789
1042
448
794
723
950
965
385
1304
1051
1498
1248
650
737
250
456
429
99
222
1084
1129
1038
1450
1424
778
116
403
303
1295
645
657
1406
949
445
36
128
1419
888
356
1365
587
1011
94
870
1307
542
426
819
575
293
1407
618
1166
228
379
1438
1153
331
1019
1282
1397
494
1071
87
414
273
321
396
125
643
418
903
1188
224
878
644
762
147
124
757
1504
1280
996
675
1502
306
309
664
1252
469
1202
782
1296
989
1180
687
472
312
340
123
701
963
166
1150
129
1297
1357
820
479
1065
296
597
1167
248
1286
1443
438
1100
446
1046
1336
1350
1003
537
1360
758
980
1111
314
866
315
740
1348
1053
1082
1481
122
711
172
647
106
1086
946
1294
16
32
1361
845
1431
907
212
1257
173
1184
713
860
1067
826
1085
1452
912
1142
231
466
678
218
1183
696
1233
12
1212
439
1069
1374
53
395
276
606
1368
1338
30
450
102
348
1385
611
527
202
485
1491
325
392
987
139
189
530
183
1435
1114
1220
1389
770
387
1352
1347
659
1094
61
704
505
653
1376
280
892
412
1169
468
883
1154
455
524
1130
402
259
515
225
966
27
691
349
96
897
523
1417
152
290
157
942
427
464
1012
432
1359
181
262
319
938
285
64
625
1079
719
1382
460
891
28
1104
492
384
807
114
776
970
991
328
364
270
598
534
22
341
1405
830
1278
79
1118
877
1210
1002
1
223
1288
732
318
1149
1195
754
800
1333
235
569
1015
107
984
70
1284
1152
549
578
47
697
279
317
1262
1092
1060
791
1075
46
215
1458
161
1137
437
1366
1164
838
449
1200
322
1228
1442
936
338
851
517
797
874
168
37
841
1147
308
197
1308
39
563
589
29
1462
156
747
1048
846
1414
1001
839
1027
408
461
1186
536
126
1218
441
366
815
775
911
1258
115
550
1205
200
1122
857
1037
1354
217
1007
801
999
68
640
243
837
422
91
629
793
988
1101
420
337
562
410
591
55
428
1123
865
822
553
780
583
182
85
910
495
828
1342
712
1009
772
1145
1062
112
1096
13
14
584
707
299
1225
433
334
592
1242
320
150
1013
725
1250
178
736
1300
1206
506
818
1496
1174
957
895
769
925
98
409
351
51
1279
23
1235
1272
1110
673
1144
1126
399
313
1289
1141
1474
1080
374
990
401
192
668
323
1255
311
962
665
1165
978
766
1402
335
1398
353
451
931
82
684
1429
1087
556
342
298
142
840
546
585
1369
1312
209
1457
483
1305
1254
1367
1022
731
979
354
745
56
278
473
915
1249
1475
1271
148
1127
859
662
810
1318
1018
352
729
436
97
1265
484
67
981
913
444
1451
283
1290
478
1379
756
764
1291
120
1146
264
930
256
1160
1378
1124
1083
652
867
1236
1332
973
852
1148
291
271
234
329
940
65
1370
333
654
753
1006
613
1480
83
1115
661
165
927
206
1088
454
1158
935
1143
1387
918
50
110
1173
1024
808
626
726
188
109
814
363
300
435
724
413
251
88
1493
1178
146
539
702
490
1325
995
730
465
92
486
727
73
1432
642
1371
761
1505
1425
1246
1341
488
651
573
1090
397
748
1316
1485
1223
302
457
1010
316
1448
676
25
424
421
1409
849
744
358
345
898
1302
502
263
821
232
638
1036
1089
679
896
6
559
677
167
272
1081
199
632
672
862
948
608
894
1230
1105
1460
1492
1076
500
416
520
265
1501
1113
528
616
695
198
482
1072
567
171
72
179
568
881
184
795
1155
504
1440
295
1399
176
1292
1464
274
908
1199
244
1273
1238
1187
326
812
255
266
715
1109
1047
1270
1251
1077
1004
1301
1396
932
692
1269
600
463
622
538
1428
90
1343
739
594
641
411
714
784
1017
1059
1140
359
1116
868
1468
1095
1239
1034
310
174
160
169
1344
452
164
1446
510
144
633
590
1377
491
1112
959
831
1283
471
1335
555
1207
614
1078
752
1328
519
509
1117
958
1274
1415
617
1133
1189
893
249
1293
1418
1466
355
330
586
906
1383
1138
1453
193
705
406
669
671
93
1437
489
1197
610
1489
710
1465
1388
693
1345
1386
768
1041
580
1132
1351
879
130
1486
370
1014
1000
663
136
648
1268
1375
508
967
1390
216
706
382
360
1175
955
52
1478
1459
939
361
656
900
1091
1201
440
191
1162
683
861
190
759
487
1433
548
442
947
327
1423
201
945
261
111
576
1040
1049
1483
880
790
630
1494
964
854
887
681
773
557
1420
196
660
986
1232
1267
698
7
1121
470
381
476
824
541
601
121
1470
571
1310
391
159
921
864
1008
1139
526
1157
972
746
588
380
1444
1214
875
1299
1454
204
208
1503
1391
1194
574
245
1050
163
646
117
522
1231
21
971
1263
