2
3
4
5
6
7
8
10
11
12
16
17
18
19
23
24
27
28
29
30
31
34
35
39
40
41
43
44
48
49
50
52
53
54
58
59
60
62
64
66
67
68
69
71
75
77
78
82
84
85
86
87
90
94
95
96
97
99
101
102
103
105
106
107
109
110
111
112
114
115
117
118
123
124
126
129
132
133
135
136
139
141
142
144
145
147
148
149
151
152
155
158
160
161
162
163
164
165
166
167
168
169
174
176
178
181
182
186
188
189
190
192
193
194
197
198
199
201
202
203
204
207
220
218
222
223
206
227
228
230
232
233
211
234
236
13
235
213
1
219
239
241
255
257
9
261
205
214
212
217
253
121
247
248
249
243
215
250
251
252
242
264
265
268
269
270
271
272
274
275
276
278
279
281
282
284
285
286
287
288
289
290
291
292
293
294
295
297
298
299
300
302
303
305
306
307
216
254
256
308
210
246
245
244
312
313
314
315
316
320
322
324
328
329
331
334
335
336
337
338
342
343
344
345
346
347
353
355
356
357
358
360
362
363
365
366
367
368
369
370
177
373
377
379
380
384
388
389
390
393
394
396
398
399
400
403
378
406
408
411
412
414
415
417
421
425
428
429
433
436
442
445
446
447
451
452
453
454
456
458
462
464
465
466
467
472
475
478
479
484
352
487
488
489
490
497
499
500
503
508
513
514
515
519
521
432
318
512
522
525
526
527
529
407
530
534
537
539
541
545
546
549
551
552
554
555
556
557
558
560
441
562
563
564
565
566
567
569
570
571
572
573
574
576
578
579
580
309
583
584
586
587
588
589
590
341
591
592
593
595
596
597
91
598
606
610
611
615
616
617
599
405
653
654
655
661
662
663
664
665
666
667
668
669
670
671
146
672
673
674
657
682
683
689
690
693
348
434
696
697
699
701
702
704
705
707
604
709
712
713
600
715
585
717
718
723
536
726
81
728
730
196
658
486
732
528
26
735
737
70
745
746
747
753
754
757
758
509
280
83
339
618
20
93
760
134
761
620
763
764
397
765
769
638
383
808
842
304
392
876
628
159
675
900
143
901
51
460
914
916
877
340
917
918
919
920
921
922
923
927
694
929
931
577
511
391
779
410
1018
943
518
1019
1020
1021
835
1022
1023
798
912
1026
911
1027
805
913
1028
1029
1030
1031
1032
1033
908
1034
431
1035
910
1036
787
1038
676
1039
1040
1069
443
1071
1072
1073
1074
1075
1076
1077
1079
1081
1082
1084
656
1087
1089
1090
1092
1093
1096
1098
1099
1100
887
1111
1112
1114
1115
1116
1117
1118
806
793
898
1125
1126
834
777
1128
1129
1130
496
435
419
1159
1160
801
1161
575
1167
1168
1170
1172
1011
1173
1174
1175
1176
1177
1178
1179
631
1182
1184
686
1185
858
1186
510
899
850
729
870
711
1165
744
866
1187
1188
1189
1190
1191
73
1192
609
1193
1194
695
1195
494
733
1196
1010
719
138
55
1123
1197
180
79
21
498
330
172
185
140
74
1121
1124
33
195
1214
1215
359
1217
1219
1220
1221
1223
830
501
878
755
1226
1227
1228
1229
483
859
1230
1231
520
459
831
885
767
1241
1244
1245
1251
1252
1253
1254
1258
1260
875
1261
1262
1263
1264
1265
845
1266
1267
860
1268
781
1269
516
1271
1273
469
1275
507
424
492
517
437
448
1293
789
1300
1301
15
1302
1303
1306
1307
743
938
893
880
440
852
325
1308
416
1309
477
1339
645
640
550
183
847
542
535
1001
740
531
543
1341
721
687
1349
822
1351
1358
1359
1097
1060
561
1274
1056
1361
1362
1363
1364
1365
1366
1367
1368
614
612
613
582
455
948
1183
958
1371
739
267
706
928
698
925
351
985
750
933
502
1376
1055
607
1394
1395
1397
385
890
1398
1399
1400
1401
1402
1403
1404
1405
784
1002
641
678
540
1157
1257
57
1408
1153
1410
1411
1158
1413
1415
1416
1154
468
1417
1139
1418
1156
1147
1049
1014
1420
1283
1422
1423
240
1295
1424
1425
841
1426
1427
1428
1138
1150
1313
1429
1430
1431
1433
1434
1155
1134
659
1278
714
1436
450
1437
909
1439
1445
1446
1504
262
1509
677
1512
843
731
1515
476
1516
1517
532
1518
940
897
1506
1524
1525
1507
1526
1529
311
1505
1531
1532
1508
797
1533
836
1213
1536
776
1211
1542
1555
1556
1557
1181
1169
1234
882
1558
1559
1561
533
681
1562
752
1563
1564
1396
491
1499
130
1475
1256
200
1565
881
76
811
1566
1567
819
1568
131
89
153
1584
1585
1586
1587
47
1588
961
944
226
225
413
221
229
1102
1590
231
224
1591
1592
1119
1091
977
1103
1593
1594
1595
1455
1597
1598
1599
1600
1486
1601
1602
1603
1604
1198
1605
1606
1607
1609
1612
1613
1614
1615
1616
1617
942
623
1620
1621
1059
1622
1574
1623
1624
999
1625
1626
1627
1628
1629
301
1636
1643
981
1644
1646
780
786
788
771
775
1078
1478
1104
1094
1136
474
1122
1649
1651
1652
1653
1544
283
1443
1236
1247
1246
1237
1665
1666
1667
1668
1669
833
1671
1673
1017
63
1677
1679
1680
857
749
1641
680
1683
1687
1688
1689
1690
1691
1694
1695
1534
1696
1697
1698
1701
1703
1704
1705
1706
1707
1709
1710
1712
936
1715
1718
1720
1723
1724
1299
770
1729
839
493
838
1552
1736
1206
1737
1738
1740
1742
1744
1745
1747
1520
1756
1757
1758
1761
1762
1338
1335
1336
1765
1766
1767
1768
524
547
1769
56
1771
1774
1776
1068
1777
1779
1780
1330
1781
1783
409
1786
1037
1754
461
1088
1789
1790
1791
1539
1200
1792
1793
1794
1795
1796
1797
1798
1799
1800
1801
1802
800
1803
1804
1805
1113
1085
969
1340
804
127
795
1360
108
22
1831
1369
874
691
1655
1348
1304
1836
1392
1841
1488
907
906
905
635
624
632
637
626
1845
633
372
639
636
622
647
627
625
634
646
644
648
649
1846
642
480
621
1847
799
187
1849
473
684
968
1007
810
1043
430
273
402
471
470
481
457
418
485
427
505
438
504
1171
1459
864
1448
837
1928
1929
1930
1931
1748
1442
1639
1934
1935
1608
855
1937
1127
1596
170
1942
1618
1611
1944
266
1610
1619
1947
1948
1954
1957
1959
1578
61
395
25
150
154
1583
72
42
1965
98
157
401
1577
128
1579
191
120
1572
1570
37
1969
463
1481
1212
1973
1925
939
1932
1101
1974
1975
848
1203
1201
1259
1977
1978
1829
1982
1638
1983
1675
1984
1872
1985
1988
1732
1867
1994
1999
2002
1451
2006
2009
2010
1844
2013
2014
2015
2016
2018
1945
1054
1873
2019
2022
2024
2025
2026
2028
332
888
1501
38
548
1279
716
2032
92
2033
2034
2035
2036
2039
1660
2040
2041
827
1661
2042
2043
872
2044
333
1357
323
327
317
319
1522
1523
1061
1521
1842
1225
361
818
826
310
812
840
2049
1210
2050
2053
2054
2045
2057
2058
821
2061
2062
2052
1864
1659
371
1657
1941
1345
1946
1044
879
1943
1832
1936
1383
1460
2066
2067
2070
2071
