70
495
1631
2317
2526
2846
2931
3171
3297
3332
3404
3591
3595
3770
3950
4626
4662
4871
4889
5114
5324
5325
5614
5991
6103
6874
6968
7106
7801
7867
8903
9907
10008
10204
10272
10288
10508
10588
11009
11105
11226
11320
11650
11853
11919
12684
12716
12802
12803
12804
12805
12831
12916
13172
13187
13363
13923
13924
14662
14676
14851
15026
15165
15191
15282
15300
15336
15833
15894
16163
16424
38
493
942
1519
1843
1844
1896
2819
3391
5031
5572
6457
7399
8669
8990
10413
11913
12588
12896
13468
13616
13846
13856
13999
14037
14476
15047
15382
15422
15458
15515
15526
15634
15800
16022
16098
16438
16495
16745
20
517
791
800
1329
1767
1984
2126
3009
4458
4671
4792
5129
5266
6331
6385
6449
7748
7872
8800
9090
12
706
709
721
755
756
776
892
895
2588
2991
4973
5056
761
2678
4034
4035
5439
5494
5758
7798
9046
11877
11904
13250
31
648
649
661
670
689
690
691
809
899
953
954
1709
1964
1965
2025
3033
3657
4075
5451
5531
5548
5772
6037
6344
7167
7168
7302
7342
8024
8034
9481
3292
3579
3917
6247
6723
7492
7495
7499
8644
10223
11253
13406
10
1545
5384
8898
9422
11321
11546
12899
13587
33
135
240
773
1124
1126
1128
1238
1389
1423
2449
2451
2452
2770
2914
2992
3468
3569
3660
3672
4702
4775
4780
5040
5216
6355
7650
7706
8968
9134
10410
10712
11027
11028
62
211
277
450
970
1041
1116
1755
1806
1919
2094
2434
2445
2742
2768
2829
3007
3052
3076
3120
3866
4010
4012
4254
4381
4550
4551
4605
4609
4610
4638
4728
4777
4953
5001
5005
6401
6431
6657
6797
7318
8071
9024
9630
9648
9780
10276
11129
11135
11175
11209
11664
12000
12209
12313
12352
12463
12969
14287
82
2
14
122
352
407
617
927
1480
1538
2198
2289
2830
2975
3160
3307
3358
3627
3705
3814
4202
4211
4223
4408
4411
4943
4979
5130
6164
6191
6442
6782
6820
6890
7369
7870
8062
8119
8138
8153
8594
8711
8934
9015
9835
9887
10230
10265
10628
10683
10987
11246
11277
11491
11504
11567
11602
11731
12259
12305
12391
12441
12990
13002
13727
13916
14187
14254
14332
14789
15244
15878
15955
15957
15978
16039
16045
16223
16300
16721
16814
16878
966
1403
1837
1929
2589
2878
2902
3075
3877
4579
6512
7000
7054
7229
823
4179
6359
11640
12826
15113
15708
16319
19
220
885
1180
1181
2462
2635
2637
2794
3012
4283
5603
5849
8020
9222
10918
12201
13086
14022
15928
15
441
2719
2720
2721
2821
3481
3821
3970
4139
4667
5701
6416
6572
7313
2464
3064
3614
4235
4629
4797
5836
5994
6863
9700
23
6484
10505
10605
11158
11211
11328
11584
12462
12506
12842
13095
13443
13444
13491
13874
13942
14018
14164
14168
14176
14177
14348
14523
114
108
264
328
752
903
921
944
994
1005
1007
1113
1114
1122
1168
1194
1197
1210
1250
1534
1544
1565
1602
1625
1626
1664
1665
1671
1677
1689
1691
2166
2219
2365
2368
2416
2596
2710
3213
3246
3316
3321
3364
3365
3367
4388
4957
5044
5070
5107
5108
5615
5616
5617
5618
5619
5620
5621
5622
5623
5624
5625
5626
5627
5628
5629
5630
5631
5632
5633
5634
5635
5659
5721
5875
5876
5877
5878
5879
5880
5881
5882
5883
5884
5885
5886
5887
5888
5889
5890
5891
5892
5893
5894
5895
5896
5897
5898
5899
5900
5901
5902
5903
5904
7072
9761
9864
9865
9866
9867
9868
10363
15131
75
267
280
285
286
398
399
430
710
711
814
909
910
1115
1156
1355
1358
1364
1368
1369
1371
1372
1707
2077
2334
2338
2342
2345
2346
2785
2787
2790
2883
2921
2983
3067
3226
3502
3638
3658
3659
3687
3688
4461
4462
4585
5395
5602
5733
5781
5782
6919
6938
6971
6972
6973
7096
7187
7349
7401
7437
7506
8016
8112
8178
8698
9374
9759
10465
11697
180
461
466
501
685
687
767
1303
1304
1580
1599
1673
1737
1937
2193
2364
3088
3441
3691
3726
3802
3903
3962
3963
4048
4155
4177
4310
4329
4359
4648
4689
4850
4872
4910
4915
5164
5165
5166
5344
5376
5380
5638
5716
5717
5818
6273
7076
7260
7312
7371
7561
7617
7647
7758
7824
8272
8362
8683
8755
9130
9147
9321
9420
9497
9625
9692
9693
9695
9903
9905
9914
10041
10215
10252
10315
10530
10560
10568
10632
10648
10650
10662
10705
10706
10714
10716
10722
10730
10757
10768
10794
10860
10943
10950
11191
11273
11323
11582
11819
11838
11956
12084
12153
12227
12288
12429
12509
12615
12643
12790
12919
12945
13034
13058
13078
13092
13110
13130
13286
13301
13316
13320
13321
13348
13357
13410
13542
13546
13547
13610
13647
13745
13886
13900
14008
14173
14201
14449
14498
14502
14510
14526
14556
14573
14580
14635
14640
14656
14703
14705
14716
14729
14745
14770
14782
14946
15030
15066
15141
15218
15225
15267
15354
15357
15412
15819
15865
16064
16066
16134
16383
16475
16493
16499
16520
16606
16610
16633
16743
28
73
380
2533
7004
9999
10546
10919
10944
10966
11885
12146
12148
13883
13972
14035
14262
14603
14790
14900
14939
15158
15200
15328
15348
15584
15600
15640
15676
15862
16325
16464
4018
4406
4587
5223
5745
5977
8851
8901
9842
10240
11743
12770
12771
12825
12974
13055
15246
36
100
477
740
1084
1839
1941
1950
2597
2691
2822
3324
3327
3329
3467
3844
5590
5834
5941
6798
6799
6800
6802
6803
6804
6805
6806
6807
6808
6809
6810
6811
8346
10176
10934
10935
11
226
1213
1345
2216
3414
4343
6544
7658
7827
16
1104
1192
1700
1915
1917
1974
2523
2609
3533
3666
6674
6927
7018
7519
9162
12520
107
586
1525
1550
1557
1563
1584
1640
1704
2024
2048
3170
3529
3853
4094
4586
4757
4759
4761
5233
6138
6289
6423
6969
9078
9882
10494
10780
10781
10828
10872
11182
11890
618
3100
3734
6177
8836
12878
13319
13898
14105
14134
14379
16202
63
29
241
561
922
1107
1187
1203
2221
2236
2240
2351
2494
2500
2835
3050
3181
3187
3188
3710
3735
3777
4059
4112
4171
4641
4820
5848
6338
6639
6948
6962
7200
7289
7382
7625
7915
8157
8452
9009
9404
9499
9964
10270
11208
11772
12331
12513
13124
13182
13490
13873
14345
14611
14823
15194
15266
15931
1130
2269
3230
6413
9580
9688
10910
11236
11977
12293
2712
6325
12505
13258
13279
13534
14574
14629
14687
15759
16166
22
442
822
1247
2389
2419
2441
2653
3091
8116
8462
8733
9025
10098
11159
13742
914
1147
1236
1379
1382
1442
1446
1448
1449
1757
1759
1980
2044
2686
4454
4764
5820
6319
6430
6448
6664
7208
7515
7631
9261
9342
9744
10127
10790
11966
12585
34
17
216
511
1200
1226
1706
1796
2038
2206
3419
3422
3428
3433
3484
3556
3912
3981
4854
5273
6766
7154
8050
9290
9400
10416
10583
11164
11205
229
245
538
619
650
1031
1648
1883
1884
1885
1886
2384
3022
3141
3442
3444
3528
3758
5591
5935
12410
16294
111
131
628
1079
2659
3464
4046
4309
6360
8166
8302
8797
10125
10608
12085
12115
12154
12290
12516
13001
13109
13239
13289
13353
13563
13830
13831
13840
13863
13938
13963
14062
14222
14227
14240
14259
14276
14409
14443
14647
14818
15110
15153
15237
15286
15471
15521
15531
15532
15537
15573
15585
15590
15605
15609
15614
15655
15659
15710
15754
15768
15817
15867
15907
15930
15977
15997
16164
16228
16303
16309
16362
16420
16433
16434
16436
16466
16522
16562
16581
16609
16619
16638
16643
16710
16714
16723
16732
16768
16775
16803
16807
16817
16819
355
1
50
60
94
128
129
130
205
208
247
342
420
585
684
772
777
781
984
1018
1078
1081
1212
1219
1270
1290
1291
1292
1293
1296
1300
1305
1307
1308
1309
1310
1311
1312
1313
1321
1335
1336
1502
1543
1555
1559
1562
1586
1605
1611
1613
1615
1616
1619
1629
1632
1636
1668
1685
1802
1803
1810
1901
2062
2194
2222
2223
2225
2295
2370
2421
2457
2582
2628
2709
2782
2815
2825
3216
3331
3362
3380
3450
3604
3647
3840
3852
3865
3899
4071
4124
4163
4165
4303
4308
4519
4547
4799
4840
4914
4959
4965
5169
5209
5255
5278
5302
5360
5461
5465
5467
5470
5471
5472
5473
5474
5475
5480
5481
5487
5489
5491
5496
5497
5499
5501
5503
5504
5506
5509
5599
5714
5724
5787
5930
5952
5957
5978
6071
6099
6204
6227
6237
6259
6264
6304
6529
6592
6713
6715
6781
6789
6976
7052
7058
7114
7189
7230
7286
7304
7335
7384
7423
7643
7754
7778
7905
7955
7985
8134
8180
8264
8277
8366
8381
8396
8584
8708
8776
8806
8879
8998
9112
9113
9137
9138
9410
9418
9430
9469
9652
9676
9721
9841
9951
10119
10134
10187
10269
10293
10338
10361
10383
10517
10575
10610
10753
10894
10977
11002
11197
11265
11290
11506
11598
11624
11703
11827
11898
11922
11978
12024
12025
12039
12113
12124
12134
12149
12188
12220
12221
12240
12287
12385
12418
12500
12560
12725
12782
12880
12976
12997
13036
13052
13142
13292
13299
13379
13382
13392
13429
13540
13561
13759
13853
13945
13949
13958
13968
14120
14189
14202
14327
14425
14441
14501
14551
14595
14649
14658
14659
14732
14791
14800
14921
15041
15096
15101
15127
15150
15154
15211
15263
15441
15501
15577
15647
15648
15700
15740
15786
15839
15871
15899
15958
16001
16037
16167
16169
16193
16215
16245
16253
16255
16274
16330
16391
16452
16453
16487
16501
16509
16515
16530
16564
16588
16601
16623
16656
16664
16700
16846
16901
1009
1891
2390
3456
3475
4027
5267
5793
8976
9392
9586
9998
10506
188
68
142
189
239
244
287
289
396
433
549
663
906
1033
1162
1342
1346
1347
1359
2379
2498
2769
2803
2872
3003
3008
3205
3598
3637
3892
3914
3951
4327
4492
4496
4646
4681
4708
4742
4993
5211
5245
5249
5281
5357
5424
5847
5851
6001
6091
6208
6253
6323
6428
6479
6619
6769
6770
6772
6773
6774
6816
6915
6999
7130
7233
7485
7545
7574
7708
7800
8093
8212
8232
8257
8266
8296
8297
8310
8318
8344
8504
8511
8598
8697
8793
8871
8941
9017
9020
9220
9345
9361
9369
9373
9453
9496
9612
9699
10032
10185
10216
10266
10367
10433
10440
10443
10543
10574
10599
10626
10633
10638
10736
10745
10747
10748
10784
10889
10986
11004
11041
11091
11107
11188
11189
11203
11376
11953
11954
12202
12203
12205
12206
12207
12208
12281
12311
12312
12563
12572
12680
12885
12992
13093
13231
13426
13470
13555
13861
13887
13953
14125
14149
14336
14561
14632
14664
14673
14742
14845
14959
14968
15020
15104
15122
15372
15689
15712
15732
15809
15811
16291
16614
37
449
807
876
1841
2446
2874
2901
2978
3027
3045
3260
3611
4212
4593
4603
4643
4865
4912
5039
5456
6021
6437
8839
9307
9454
10342
11537
11692
1021
2491
2585
2657
4560
4966
5326
5913
6012
6035
6303
6724
9559
10282
10582
11082
11249
11356
11571
11682
11776
11837
11988
12090
12222
12224
12306
12555
13062
13145
35
260
440
465
738
879
1742
2264
2511
2664
2706
2802
2875
3273
3308
3312
3862
4143
4338
5063
5064
6115
6660
6819
7087
7696
7701
7957
7989
8404
9357
10329
83
1199
1240
1537
1694
1877
2146
2196
2718
2728
3072
3281
3381
3601
3690
3804
4159
4528
4869
5055
5349
5513
6104
6151
6617
6989
6993
7049
7793
8336
8386
8400
8544
8582
8666
8761
9229
9243
9337
9442
9774
9928
10280
10738
10901
10939
11032
11050
11260
11317
11568
11957
11995
12080
12137
12507
12526
12527
12665
12893
13012
13549
14307
14597
14630
14641
15545
15812
67
2629
3839
4384
4614
6159
6169
6294
7460
8301
8531
8785
10552
11940
12244
12297
12468
12512
12863
13741
13850
14046
14052
14160
14253
14264
14268
14508
14607
15115
15190
15223
15262
15276
15361
15364
15425
15514
15641
15677
15836
15849
16043
16053
16055
16056
16057
16060
16061
16175
16221
16353
16465
16483
16634
16689
16731
16958
579
614
727
4675
6581
6837
7999
9353
9886
10907
10947
11666
11737
11915
12040
12296
12347
12760
13016
13180
13222
13287
13442
13955
14089
14097
14180
14278
14279
14699
14700
14751
15583
16208
16408
16468
27
671
760
828
845
853
929
1188
1196
1209
2226
2227
2229
2388
2838
4922
4956
4984
5147
5148
5431
6096
6101
6637
6920
7147
7159
8415
1944
6730
11538
12383
14090
14366
14829
6623
9824
10474
10579
10585
10844
11003
11921
3815
4502
5452
5838
5839
6653
8204
8460
8807
9206
10848
11037
11610
11710
12621
12631
12702
12981
13216
13247
13290
13308
13387
13570
13903
13962
148
917
937
1152
1903
1910
2057
2391
2539
2753
474
2030
2448
3988
5646
5647
5684
7111
7565
9912
10039
11757
13008
13493
14734
15037
78
91
97
121
276
597
692
758
786
934
1035
1103
1132
1146
1441
1675
1690
1900
2029
2353
4302
4457
4516
4542
4721
4766
5120
5197
5563
5750
6027
6366
6578
8363
9186
9475
9889
10250
10437
10612
11269
11291
11706
11773
11808
11998
12158
12324
12749
13152
13154
13240
13332
13351
13407
13912
41
615
882
1117
1462
2350
2358
3096
6347
7262
7372
7894
8161
8705
8769
8928
9358
9772
9902
10492
10735
10962
10971
11216
11247
11618
11685
11707
11769
11783
11887
11923
11947
11951
11992
12055
12181
12337
12417
12448
178
357
1740
2067
2068
2069
2070
2072
2074
2381
2570
2571
2572
3719
4174
4294
4389
4390
4391
5061
5062
5297
5665
5666
5668
5669
5670
5729
6201
6411
6481
6486
6711
6785
6786
6904
6905
6906
6908
6909
6912
6950
7198
7403
7411
7412
7566
8068
8069
8123
8127
8199
8201
8423
8450
8538
8548
8550
8555
8614
8615
9042
9080
9378
9947
9988
10255
10618
10913
11076
11294
11340
11378
11379
11380
11381
11382
11383
11384
11385
11386
11387
11388
11389
11390
11391
11392
11393
11394
11395
11396
11397
11398
11399
11400
11401
11402
11403
11404
11405
11406
11407
11408
11409
11410
11411
11412
11413
11414
11415
11416
11417
11418
11419
11420
11421
11422
11423
11424
11425
11426
11427
11428
11429
11430
11431
11432
11433
11434
11435
11436
11437
11438
11439
11440
11441
11442
11443
11444
11445
11446
11447
11448
11449
11450
11451
11452
11453
11454
11455
11456
11457
11458
11459
11460
11461
11462
11463
11464
11465
11466
11467
11468
11469
11470
11471
11472
11473
11474
11475
11476
11477
11478
11479
11480
11481
11482
11483
11484
4857
7325
12465
14461
15082
15209
15310
15461
15735
15877
16146
16210
884
976
1047
1090
1230
3311
3354
3711
3737
4100
4167
4187
4344
4345
4346
4630
25
490
2312
2397
4101
4334
4548
4834
4932
6110
6612
8012
8094
8294
8701
9236
9935
9939
10012
14521
13
79
746
2778
5411
6188
9578
12390
15861
2164
2301
3885
4793
5308
5311
9494
13173
446
2947
3018
3222
3342
4307
7918
8884
10485
12199
12308
12357
137
1791
3631
4130
6290
9954
10539
11100
12830
13134
13630
13631
13632
13633
13634
13635
13636
13637
13638
13639
13648
13649
13650
13651
13652
13653
13654
13655
13656
13657
13658
13659
13660
13661
13662
13663
13664
13665
13666
13667
13668
13669
13670
13671
13672
13673
13674
13675
13676
13677
13678
13679
13680
13681
13682
13683
13684
13685
13686
13687
13688
13689
13690
13691
13692
13693
13694
13695
13696
13697
13698
13699
13700
13701
13702
13703
13704
13705
13706
13707
13708
13709
13710
13711
13712
13713
13714
13715
13716
13717
13718
13719
13720
13721
13722
13747
13748
13749
13750
13751
13752
13753
13754
13755
13756
13757
13762
13763
13764
13765
13766
13767
13768
13769
13770
13771
13772
13773
13774
13775
13776
13777
13778
13779
13780
13781
13782
13786
13787
13788
13789
13904
14040
14041
14042
14043
14044
14045
998
2788
4685
7922
10305
12481
13364
977
1811
3775
4477
6221
6266
6669
6670
6671
830
856
864
2752
5261
5963
7513
8410
8858
10686
11268
11270
821
2066
9888
11199
12074
12128
12715
39
386
1730
2049
2382
2478
2623
2715
2731
2732
2743
2749
2806
2895
3231
3232
3654
3699
4078
4080
4592
4837
4929
5538
5907
6630
6827
7057
7074
7591
8181
8822
11502
12241
12536
13233
13937
14132
14456
52
140
197
335
348
637
659
676
724
893
2207
2467
2534
2953
3095
3810
4020
4036
4102
4511
4807
5453
6599
6747
6794
7174
7295
7605
8426
8670
9103
9785
10214
10464
10995
12270
12271
12377
12670
13105
13405
14158
14877
16229
16914
546
642
1328
1330
1819
1820
1821
1822
1823
1824
1825
1826
1827
1828
1829
1830
1831
1832
1833
1834
1835
1836
1838
1840
1842
1956
1970
3943
5550
10639
12574
680
1478
1933
2297
2985
2986
7567
13047
14907
98
18
400
483
485
486
530
703
704
779
920
1015
1178
1259
1520
1617
1650
2007
2127
2171
2411
3446
3573
3694
3933
3959
4741
4906
4964
5058
5587
6743
6795
7165
7361
7599
7600
7609
7876
7877
7884
7925
8022
8160
8261
8303
8316
8326
8330
8453
8479
8756
8791
9411
9803
9930
9953
9987
10249
10408
10562
10591
10603
10619
10652
10793
10967
11233
11505
11715
11785
11906
12887
13144
13199
30
120
134
136
149
447
656
657
2265
2283
2315
2352
1712
1931
2383
5743
6419
6574
11866
12186
12254
13520
14102
43
80
158
176
317
504
534
1149
1159
1272
1763
1777
1987
2103
2311
3293
3907
4005
4082
4284
4746
4747
5719
5811
6381
7025
7193
7507
7737
7969
8049
8397
8721
8812
8878
8927
147
150
173
174
175
221
273
274
302
307
308
378
382
409
750
765
1243
2437
2670
3115
4286
5530
9701
12182
681
701
888
1454
1946
1948
2100
2102
2486
2930
3051
3811
3891
4099
4364
4786
4787
4788
4789
4790
4791
132
453
1151
1394
2087
2793
3176
3223
3808
3973
3978
4201
4313
5355
6309
6322
6350
6571
7270
9200
9372
9529
10029
10739
12056
13644
13979
14565
14943
15097
15123
655
1681
2341
2433
3616
4079
4135
4331
5955
7829
10035
10491
10644
10663
139
1461
1734
2545
2828
3921
3922
4409
4426
4427
4446
6502
6554
7660
7763
8520
9638
560
1332
1875
2017
3117
4011
4445
6351
7682
7834
8692
8864
9233
9493
9814
10669
12132
12482
12752
12877
12894
568
584
595
790
902
1331
1384
1409
1487
1978
2120
2121
2453
2515
3651
1042
1377
1751
2542
3426
4498
4738
4739
7402
7458
7978
8132
9962
10577
10578
11499
11670
11672
11794
12109
12110
48
101
792
1048
1245
1353
1383
1391
1400
2032
2357
2369
3077
3078
3079
3080
3082
3083
3085
3086
3445
3472
3858
4164
4710
4852
49
54
1028
1050
1818
1852
1866
2525
5588
9579
1157
2560
2566
2690
7822
7823
9332
106
3932
3941
3942
6412
6577
8522
9933
10170
10221
10690
10791
11588
11589
12425
12456
117
44
45
76
162
163
167
192
198
217
265
266
316
369
423
443
451
527
557
718
881
1118
1225
1263
1278
1285
1286
1326
1327
1348
1401
1419
1428
1434
1469
1778
1924
1997
2082
2098
2124
2324
2546
2547
2631
2956
2984
2988
3026
3118
3233
3234
3339
3408
3510
3527
3593
4040
4073
4148
4367
4444
4532
4726
4847
5034
5221
5516
5732
6189
6248
6390
6522
6526
6761
6825
6826
7084
7416
7808
7886
7898
7995
8014
8628
8754
8779
10200
10678
10737
11169
11322
11548
11660
4052
4189
5691
6521
8440
8834
9163
10411
10718
10930
11138
13108
13439
13812
14141
14528
16755
436
521
523
1027
1043
1198
1201
1484
1975
2220
2228
2237
3186
3582
5430
5692
5959
6426
6427
6503
6611
7317
7447
7624
8001
8911
9049
9119
9764
9827
9829
10609
10746
11235
2489
5138
7440
11850
13208
14591
15033
15073
15236
15288
15409
15463
15638
15698
15711
15741
15742
15778
15783
15784
15788
15789
15790
15813
15832
15856
15895
15900
15927
15951
15969
15984
16014
16065
16117
16249
16388
16410
16787
16895
16924
151
242
249
332
1440
2290
2613
2759
2789
3175
3178
3221
3520
3782
4682
4773
6332
6333
6393
6979
7194
8126
8325
8569
9403
9455
9459
9717
9765
9969
10513
10541
11147
11217
11219
11753
11881
13731
14267
14290
14808
15031
15098
15189
15979
16456
16479
524
1876
4731
4736
4737
4740
426
2900
4484
7414
8028
8360
10857
12173
12933
250
3191
4961
5343
5508
8163
8859
10358
11357
13437
15027
156
728
3113
5769
9026
9591
24
405
559
1134
1930
2836
3418
3953
4004
4131
6048
7077
7315
7786
7841
9985
11518
12751
2667
3169
3172
3693
4028
4291
5284
5609
6131
6172
7266
7267
7413
7419
8278
9166
9441
9581
10316
10317
10581
10614
11614
11676
11807
11820
12053
12303
12304
12399
12400
12436
13044
13048
1897
2084
3864
4194
6136
9641
10123
10124
10376
11576
11577
11796
11963
12445
12765
13262
13602
13813
13843
14122
14143
14171
14191
14214
14285
14387
14399
14494
14535
14648
14657
14669
14683
14757
14788
14868
14916
14918
14973
14988
15032
15114
15118
15149
15184
15197
15255
15299
15358
15530
15625
15626
15644
15665
15669
15699
15702
15707
15821
15843
15852
15874
15916
15938
15950
15983
15985
15993
16031
16081
16084
16092
16095
16105
16156
16318
16409
16744
16749
16754
16927
32
1957
2725
2760
4529
5110
6410
8271
9179
9541
11352
12361
12453
12460
13436
13799
13814
14588
14631
15407
15935
16334
204
866
1023
1535
1588
2418
3148
3448
3646
3812
4158
5252
6123
6494
6882
7441
7481
7532
7579
7711
7799
8124
8852
9004
9133
9417
9419
9603
10387
10545
10621
10637
10728
10854
11266
11530
11592
11815
11862
12242
12334
12362
12379
12443
12459
12477
12523
12532
12557
12616
12628
12637
12722
12737
12775
12818
12848
12903
12957
13087
13107
13111
13139
13210
13215
13391
13398
13409
13494
13521
13820
13932
14061
14078
14079
14257
14300
14305
14346
14384
14593
14600
14621
14625
14749
14836
14925
14989
15090
15093
15391
15472
15512
15557
15599
15618
15760
15765
15781
15798
15987
16173
16279
16427
16502
16867
607
1408
2250
4037
4108
5207
5459
5564
6215
6644
7680
7933
8244
8813
8816
8951
9050
9354
10237
10238
10278
11310
12486
13201
14533
15280
16195
16338
16477
1046
2592
3665
3668
4370
4581
4916
5872
8089
8740
9957
10199
481
638
639
2078
2767
3326
4207
4709
6603
7184
8188
10101
10952
11064
837
1732
2028
3431
4982
6097
6446
6447
6482
7573
9123
9575
9582
12942
14342
14448
502
1317
4246
4649
11258
482
705
802
868
1026
1490
1497
1790
2405
2485
3368
5676
6269
6818
8587
658
831
852
854
855
857
858
859
860
861
862
863
116
9228
9241
9609
12422
14646
14935
15373
15420
15484
15633
15670
15736
15737
15804
15816
15837
15838
15858
15882
15888
15890
15944
15981
16016
16047
16077
16096
16099
16107
16131
16141
16162
16179
16185
16186
16192
16235
16243
16261
16272
16276
16277
16288
16292
16304
16316
16323
16339
16350
16358
16365
16431
16449
16450
16503
16519
16529
16552
16618
16654
16658
16671
16682
16706
16739
16829
16831
16845
16848
16862
16868
16880
16900
16907
16909
16921
16933
16959
16960
1995
2080
2966
5690
6384
7672
11202
5419
8026
8158
8420
9164
9966
9978
10430
10495
10883
11109
11186
12928
13326
13784
14362
14713
15686
15897
69
74
89
109
119
133
222
224
235
262
293
303
381
389
1179
4819
4821
4822
4823
4824
4931
8280
13020
14663
15017
15403
15745
15772
15822
15847
15883
1669
2022
2208
2516
4970
6947
7031
7133
8108
8612
8997
11492
11493
11578
11641
12556
21
143
199
2302
4328
4499
6627
7667
8955
11349
12047
15802
238
525
593
3850
4684
4841
5398
6541
7225
8767
8913
9613
10086
10388
2051
11255
11888
12764
14194
2394
2562
2568
2805
5688
7564
8091
11095
13278
13783
13899
14275
14731
14998
444
9671
10636
11661
11768
12276
12291
14450
14891
5
71
81
275
713
753
1561
1942
1955
1958
2002
2063
2470
2474
2620
2812
3041
3185
3390
3663
3704
4173
4503
4556
5660
6383
6583
6721
6838
6964
7239
7398
7637
8063
8086
8114
8136
8290
8672
9141
9347
9646
9878
10251
10453
11056
11362
12498
12571
13082
14250
14458
14741
15828
209
252
425
427
428
1871
14475
53
571
604
731
2034
2035
2465
3056
3058
3271
3736
3738
3753
4122
4226
4264
4690
4703
4933
6200
6287
6693
6867
6868
7015
7182
7547
7784
8442
8502
9330
9682
9751
10000
10033
10097
10109
10561
10563
10948
11132
12346
13369
4356
7486
10043
10150
11212
11812
12689
84
112
225
468
489
737
1357
1594
1683
1684
1940
3309
3890
3935
3939
3948
4030
4031
4572
4802
8741
8964
9082
9858
10241
1474
2739
4032
5312
6341
6850
9309
10019
10159
11542
47
926
1085
1091
1135
1962
1993
2292
2326
3129
3142
3411
3696
3747
4392
4398
6285
6602
7431
7456
7752
7783
8478
8846
8861
8888
11222
12004
12099
12325
12774
4838
14682
14854
16528
16599
16645
16651
16757
16761
16793
190
719
818
1251
1252
1253
1254
1256
2294
2306
2399
2616
3036
3037
3042
3161
3194
3195
3492
3641
3642
3643
3644
3767
4085
4104
4485
4486
4633
4725
4804
5356
5392
5534
5989
6030
6068
6231
6489
6959
7467
7517
7663
7731
7735
7787
8832
8910
9439
9719
9743
10556
10631
10765
11325
12187
13946
14963
820
843
849
1476
2298
3132
3158
9059
9533
212
2535
4448
7339
7825
8323
8792
8799
5098
5680
6050
10163
13191
13871
15309
15457
1140
1547
4618
4622
5842
6000
6755
6844
7614
7615
7857
8929
9234
10287
11525
15911
815
883
1472
1491
1735
2018
2472
2606
2737
2738
2919
2920
2923
3001
3016
3043
3053
3261
3386
3832
3833
4420
5397
5916
6036
6111
6317
6635
7355
7439
42
57
58
65
72
87
170
200
291
364
365
367
455
491
686
722
736
933
1034
1249
1337
1340
1572
1703
1798
1815
1816
1817
1845
1847
1848
1849
1850
1851
1853
1854
1855
1856
1860
1864
1865
1867
1870
1873
1890
1892
1893
1894
1895
1990
2128
2129
2201
2308
2722
2723
2998
3049
3097
3217
3220
3461
4197
4295
4466
4520
4891
5568
5589
5815
5917
6024
6025
6134
6185
6230
6292
6354
7308
7510
7535
8064
8065
8425
8948
9326
9446
9537
9729
9826
10011
10212
10354
10529
10681
10766
10996
11195
11275
11652
11989
12439
12484
12524
12617
13017
13517
13615
13889
14209
14266
14303
14504
14536
14569
14638
15245
15684
15807
15929
16470
16478
16759
2299
2689
2758
3089
3348
3349
3351
3608
331
544
647
739
4849
6884
7691
8780
9423
10064
283
1421
2339
2402
2540
2865
3092
3552
3675
3679
3680
3681
4413
4647
4888
4896
4924
5006
5015
5033
5075
5180
5208
6796
7166
7328
7814
9598
9662
9870
10774
11786
12011
12573
14330
896
1722
5761
7101
7109
7110
7112
10672
11675
1024
1277
1283
1334
1350
3011
3673
4070
10382
11950
14736
15377
15682
1204
1206
1801
1899
2781
3336
3532
8083
8947
10439
1738
3133
3353
4441
4442
10322
10540
10580
11858
12129
12147
12151
12174
12180
271
533
562
563
565
682
787
788
789
811
812
905
1053
1177
1244
1267
2199
2252
2837
2943
3005
4245
4898
4935
5204
5594
5858
6175
6301
6374
6586
6679
6680
6681
6935
6952
7274
7578
8098
8121
8437
8630
8945
8962
9503
10100
10120
10370
10526
10594
10862
10922
11305
11375
11485
12150
12236
12408
12583
1482
1898
2008
2549
2550
2552
6075
7386
7558
7734
8995
9654
10031
10271
11755
11758
11761
11762
13281
14108
14410
1539
2658
5059
5287
6777
6778
6839
7385
7917
8996
9269
10459
10850
11020
11072
11094
11649
11780
12366
12431
12867
13255
13758
13891
13894
14179
14347
14872
14904
15106
15324
15337
15941
16171
16258
16355
16385
16404
16467
16565
16636
16637
16856
2877
4137
4576
5339
6300
7001
166
313
1001
1568
1662
1666
3278
3440
3480
4193
4379
4816
5105
5479
5518
6302
6471
7702
7958
8186
9224
9363
9994
10256
10359
10469
11283
11288
11295
11300
11497
11515
11534
11700
11879
12010
12342
12600
12669
12792
12836
12930
12936
12946
12978
12998
13042
13131
13169
13211
13238
13246
13248
13304
13323
13358
13373
13389
13394
13452
13467
13476
13528
13568
13591
13817
13851
13876
14121
14376
14445
14451
14453
14518
14560
14578
14586
14627
14660
14765
14856
14967
15010
15023
15059
15075
15193
15243
15274
15333
15351
15389
15400
15630
15632
15649
15660
15663
15709
15716
15726
15764
15792
15912
15925
15933
15937
15959
15965
16000
16068
16104
16115
16127
16317
16386
16497
16518
16687
16716
16762
16771
16844
16915
1195
1231
2091
5088
5313
5403
5823
6196
7209
2456
7223
7379
9608
13505
14071
14606
15228
15743
16366
16644
16758
16822
16851
16855
16866
16896
16931
16954
16961
16962
16968
16969
16972
64
113
123
159
169
1500
1567
2618
2621
2826
3628
3743
3990
4072
4393
4505
4798
4927
5019
5160
5596
5598
5674
6570
8748
14726
14938
15481
15485
15598
15661
15738
15773
15863
16034
16151
16161
16165
16264
16280
16296
16335
16349
16371
16469
16545
16560
16575
16595
16748
16789
16863
16870
16898
16918
1753
1765
3104
3834
4719
6327
6689
8224
8887
9109
9616
10020
2232
3636
3972
4828
4946
6083
6086
6387
6472
7466
7740
8484
8986
9284
9341
9343
10401
11510
12002
12923
13507
13643
3245
10466
10923
12575
12811
15111
15690
805
1658
1988
4518
5351
5637
5681
6161
7548
7613
7756
7887
7935
8782
8815
8865
9038
9468
9796
9831
10326
10431
10938
10982
11040
11314
12107
12810
12901
12947
13076
13118
13376
13402
13626
13728
13852
13864
13921
13933
13956
14094
14112
14128
14288
14464
14543
14655
14758
14852
15042
15048
15156
15229
15340
15352
15380
15402
15430
15588
15593
15656
15679
15751
15767
15815
15853
16232
16240
16268
16278
16333
16346
16381
16396
16405
16413
16416
16418
16422
16425
16428
16429
16441
16455
16457
16471
16523
16532
16533
16546
16582
16584
16631
16657
16813
16836
16843
5330
6310
7891
11278
7020
8274
11367
11595
11681
11740
11864
12139
12508
12552
12690
12693
12724
13565
13827
13911
13926
13952
14014
14313
14323
14412
14605
14620
14740
14786
14895
14912
15103
15139
15187
15208
15240
15314
15316
15408
15575
15884
15915
15923
15956
16271
16379
16393
16733
16740
16776
16777
16842
16977
3387
3399
3485
3800
3801
3835
3846
3873
4091
4168
4169
4170
4636
4944
5934
6206
10148
218
5522
5937
6441
7476
8194
8202
8432
8603
8604
11345
11734
13344
14116
16808
2053
2056
2325
3879
7489
9045
10758
13267
535
2165
2167
2235
3048
3580
3583
3749
3750
3762
3763
4660
6378
6879
7235
7448
7632
7633
7902
9210
9519
10075
61
1904
2468
2471
2654
2745
2893
2954
2955
3764
3923
4358
4435
5023
5090
5103
5194
5321
5987
5988
6241
7806
8141
8167
8969
9564
10186
10194
10232
11316
11580
12604
12768
12846
12869
12888
12987
16945
125
957
965
1125
1127
1129
1131
1136
1137
1138
1141
1150
1338
1361
1404
4449
7170
7330
9171
0
56
1457
1551
1582
1620
1645
1999
2823
3154
3156
3284
4067
4068
5525
6983
8248
8298
10292
12865
14067
14431
15349
15362
16041
16097
16178
16248
16251
16256
16861
26
281
284
717
2340
2343
2798
2868
3603
4534
9552
12330
14031
520
1182
1218
1221
1663
2203
3423
3495
4481
4651
7107
7477
7782
7818
9512
10810
12490
12935
13137
3783
7036
8095
9790
10601
3294
6458
6966
11656
12664
12712
13302
13576
13818
14163
14280
14666
14667
15794
55
59
115
124
152
213
254
712
813
930
679
770
2330
2331
3313
7490
9968
10087
10604
11218
11586
12469
12625
12985
13115
13138
13481
13482
13492
13514
13515
13530
13736
13890
4
243
550
654
1356
2122
2233
2777
2786
3656
3677
4281
4459
4460
4580
4774
5780
7163
9117
10518
10893
278
2375
4239
4729
5012
5421
8907
10975
13740
15088
15095
15446
227
439
1542
1590
1698
7365
9144
838
2000
2680
2681
2771
2965
3592
7421
7972
10409
13795
15433
3797
4415
6997
8173
8174
8394
8540
8541
8673
8674
8675
8677
8678
8679
8680
8685
512
2642
4557
5606
5722
6432
6528
6704
9678
11036
11696
12015
8817
8943
8988
10573
12272
12492
13804
16947
1065
1068
2599
3453
3799
4109
4114
4325
5749
6187
6242
6722
7153
7192
7724
9007
14715
15289
15323
15582
15799
16007
16222
16514
2766
4939
5408
7430
7630
9012
9100
10112
10924
11686
12066
12320
12646
12794
1699
4144
7697
11309
11824
12706
14012
86
1430
2505
3352
4430
5774
5854
6127
6192
6280
7598
8441
8760
14809
1918
4348
5322
6353
8281
8773
12853
13285
13966
14718
1556
3836
5639
8609
9334
11011
11046
11315
11728
13419
14019
14383
14623
14863
359
925
1424
2816
8236
10606
12652
161
1505
1528
1577
1597
4039
7321
8906
10777
12984
13181
2005
2532
2980
7779
7810
8826
11805
13828
14590
14835
14942
15431
15490
15621
16299
16342
16343
16401
16445
16555
16620
552
1086
1158
3028
4069
4732
7661
8407
8581
9445
10327
13185
946
1928
2625
3269
3766
3906
7152
7180
7231
8081
626
1455
2417
2987
3630
5354
6843
7043
7947
8654
9153
9230
9256
9516
10713
11648
12758
13401
13484
13554
13845
13854
14123
15144
16147
702
1211
1743
3218
3416
3609
3708
4181
5182
7380
7813
8040
9464
9972
13053
13059
15163
15294
296
7533
8230
9633
11633
11795
13043
13460
14328
16154
16707
16722
16838
16853
16964
16976
270
7768
9257
10524
12339
12791
13023
14274
14532
14834
3
7255
9793
11694
11967
16297
1878
4613
6835
7657
7751
8075
8282
9472
9768
9965
10036
10065
10522
10531
12733
12743
13797
13877
13940
2473
2507
3125
3130
6505
7587
7942
8349
9194
9705
10484
14289
1483
2178
2179
3347
3377
3585
4326
5873
7353
7354
7938
10832
12167
13263
110
497
698
928
935
1088
1627
1687
3557
4047
4655
5585
6365
7273
7721
8216
8837
8981
8982
9067
9431
9547
9549
9677
10357
10364
11351
12122
12354
12373
12381
12736
12739
13469
13739
14216
14491
14691
14777
15203
15547
16076
294
900
4555
5584
6439
7444
7509
9276
666
2293
2393
2563
5248
6029
7572
10301
11285
2055
2509
2918
5923
6326
7300
7392
9180
9272
9977
11606
1000
1012
1014
1025
1164
1215
1773
3319
5741
6219
7005
7094
7095
7139
9734
12904
8227
10891
13995
15086
16788
609
622
624
627
725
726
1173
1723
6694
7432
7635
7790
9624
12133
12162
3849
4422
5337
6429
7438
8463
9507
9589
10049
10864
12035
12279
12378
12603
13179
13400
13512
13939
14604
15251
16703
172
182
202
232
377
403
480
578
598
2086
2553
3828
4566
4567
4696
5140
5178
5389
5413
5528
5544
5553
5565
5654
5970
6895
7410
8100
8110
8115
8388
9874
10921
12235
1175
1184
2211
3919
5460
5870
6334
6408
7792
8276
8370
8372
9621
10319
10328
13841
15109
15247
15313
15508
15674
16018
16071
16120
16397
16583
16691
16695
16883
16957
6579
11745
13525
14813
14830
14859
15292
15755
16282
16568
2012
3202
5193
6283
7155
8077
8606
8949
8967
9635
10191
10482
10719
10920
12197
12317
12530
12551
12989
13084
13170
13225
13422
13448
13628
13801
13811
13878
13964
13970
14053
14068
14136
14140
14147
14148
14193
14230
14315
14357
14368
14465
14505
14539
14579
14585
14613
14839
14948
14984
15007
15054
15067
15413
15459
15502
15504
15522
15587
15671
15680
15857
15869
15908
15914
15917
15963
15964
16013
16083
16182
16199
16236
16314
16328
16336
16351
16378
16511
16569
16627
16875
6988
7175
9517
9684
14064
16506
16711
16830
16872
329
2337
2617
2888
3686
8421
10470
11194
12679
14085
14226
14283
715
1030
1381
1769
2114
3136
3723
4050
4119
4763
5002
6080
6515
6931
7040
7516
8937
9084
9921
10875
14575
1006
1100
1167
2230
2323
2459
3417
3517
3793
4845
5541
6930
7003
7037
8021
10555
12247
12370
1521
1637
3204
9773
13204
15749
16266
16290
16490
1973
2061
2348
2586
3287
4185
4196
4412
5352
5437
5641
5643
5756
5953
6041
6042
6112
6152
6330
6470
6645
6649
6718
6726
7612
7716
8133
8268
8324
8399
8473
8702
8714
8992
8993
9006
9065
9106
9322
9424
9672
9871
10153
10179
10349
10679
10696
10723
10936
10990
11055
11069
11160
11574
11593
11627
11654
11800
11855
11859
12257
12260
12386
12494
12525
12580
12755
12800
12917
13091
13221
13395
13607
13619
13868
15083
15394
16085
16155
16454
269
1570
1630
3337
6949
7115
7634
10133
11146
4251
4252
4255
4256
4257
4258
4262
4611
4654
10404
10523
10660
10797
13978
154
318
383
505
1444
1888
1985
3716
4123
4713
4952
11933
12070
867
2144
3071
5918
5919
6847
6848
7836
7837
8586
8600
1564
3153
7785
9041
10162
12691
13475
14500
14642
15787
16011
16180
16402
16403
16616
16697
16753
16763
16782
16882
16928
3741
3776
10954
11964
12190
12191
13943
14150
3649
8944
8989
10787
14242
1045
1062
2622
3514
6321
7296
9730
11108
12155
14665
14849
5728
6951
8801
13934
14144
1123
1711
5259
6495
7075
9327
9530
10843
10909
11156
11331
12437
12457
14779
15367
16069
16250
16254
16948
16975
2579
3771
4292
7352
9950
10009
2428
4314
5753
6975
7149
7306
7498
7500
7720
8468
1859
2518
6262
7904
8513
10121
11126
11369
11370
11494
11596
11630
11688
11695
11701
11713
11748
11793
11802
11804
11811
11825
11835
11851
11895
11928
11969
12023
12038
12069
12082
12117
12119
12121
12123
12125
12168
12359
12387
12458
12480
12491
12502
12522
12531
12562
12632
12634
12660
12662
12735
12845
13007
13063
13100
13418
13428
476
1805
2497
2700
5407
5855
5969
6043
6609
8038
8535
8716
8717
8718
8719
8729
10262
10313
10325
10510
10916
12095
1049
1387
1729
1807
1808
2668
2941
3683
4779
4999
5338
7216
7765
8118
8211
8217
8952
9203
9482
9631
9883
10273
10274
14420
2141
3434
6754
8481
9444
10647
11141
11374
12581
12681
13195
13485
14447
14733
15135
15543
15695
16029
16269
16273
16310
16779
16837
3256
4808
5950
6549
8516
8521
10128
12840
338
841
2158
2578
3465
5132
5381
5579
5788
5943
6731
8262
8626
9548
9821
10320
10622
10958
10999
11677
11787
11920
12265
12543
13190
13322
13586
14509
14766
14971
15624
15814
16524
401
515
714
743
1916
2310
2543
2594
2861
3254
3369
3512
3563
3610
4809
5113
5298
5306
5363
5425
5830
6019
6022
6023
6284
6524
7234
7846
7847
7986
8496
10116
10805
11971
13336
13931
14205
14396
15645
15880
15903
5949
9750
11723
13341
1036
2469
11058
11098
418
1541
7451
9114
9890
10275
10391
10397
11264
92
475
623
1108
1111
1246
1744
1862
2147
2152
2162
2168
2313
3059
3060
3061
3062
3128
3303
3333
3755
3826
3827
3992
4322
4670
4811
5112
5335
5370
5561
5576
5675
5709
6218
6220
6662
6665
6683
6690
6862
7727
8651
8664
8746
9448
9460
9461
9618
9639
10570
10822
12114
12358
13005
13128
13200
14512
14520
15703
780
1780
3093
3538
3718
3830
4161
5542
6614
7009
7396
7994
8029
8076
8470
9407
9834
11960
12546
12746
12931
13356
13571
14003
14162
14804
15220
15673
15919
5706
5736
6316
6340
6357
6509
8207
8231
9557
9884
10306
10346
421
696
907
1748
2611
2699
3251
3257
3778
3920
3998
4339
5021
5642
6275
6530
6538
7303
7584
8104
8154
8409
8814
8881
8924
9397
9478
9788
9937
10395
10402
10450
10565
10895
10897
11148
11207
11613
11667
11716
11775
12266
12307
12345
12348
12407
12591
12599
12861
13051
13149
13176
13477
13495
13640
13865
13965
13991
13994
13996
14006
14050
14054
14076
14092
14181
14182
14217
14223
14255
14256
14311
14316
14335
14389
14395
14524
14583
14692
14722
14725
14764
14780
14841
14865
14874
14910
14934
14951
14996
15028
15063
15166
15173
15273
15329
15387
15500
15549
15731
15756
15949
16010
16040
16050
16062
16078
16114
16116
16119
16136
16238
16239
16293
16329
16331
16340
16369
16373
16375
16508
16625
1398
1746
2727
2853
3265
3473
3671
3684
3952
4574
4584
4776
4778
4781
4977
5007
5217
5766
6004
7504
8006
9288
9917
870
1089
1282
1301
1318
1475
1526
1624
1647
1741
1889
2060
2944
2996
3258
3382
3392
3393
3394
3439
4301
4306
4374
4450
4545
4886
5385
5715
6149
6170
6312
6513
6582
6600
6658
6737
7285
7592
7726
7776
8159
8289
8300
8434
8867
8868
8890
9034
9192
9432
9433
9434
9436
9456
10386
11133
11629
11774
11936
12375
12380
12855
12907
13471
13508
13606
13825
13892
13967
14099
14651
14775
15227
15565
15566
15571
15761
16038
16187
16630
1724
3165
3189
3190
3924
4483
5944
7019
8103
8354
10365
11575
12171
13038
13983
14184
14571
14837
16006
16847
2118
3625
4002
4007
5158
7583
7585
8067
432
939
1395
1473
1914
2006
2027
2258
2263
2291
2372
2373
2378
2479
2480
2512
2711
2713
2714
2716
2717
2741
2744
2746
2747
2748
2750
2751
2754
2969
15868
15875
15995
16295
3522
12419
14672
15152
15801
3526
4616
4867
6186
6282
7979
8485
9673
10211
10481
10898
10899
11282
11363
11720
11721
11925
12229
12338
12415
13148
13359
13453
13982
14186
14372
14373
14390
14737
14862
14920
15169
15307
15325
15516
15594
15667
16024
16052
16129
16242
16647
16746
16857
16922
1764
2040
2501
3471
4402
5260
5282
5835
6822
7048
7212
7434
7968
10711
12657
14689
6977
7897
10811
13592
13726
14080
14353
14354
14365
14566
14610
14681
14706
14826
14927
14986
15003
15108
15235
15268
15271
15278
15344
15395
15443
15528
15780
15905
15924
15939
15967
16121
16849
801
988
1109
1439
1766
4479
4482
4762
4769
5152
5560
5962
6405
6424
7030
7531
7982
8052
8735
9551
9626
10905
11120
12152
2970
3606
8406
8490
11327
11524
11527
11747
11917
320
9546
434
880
1960
2852
3236
3240
3748
4151
4248
4357
4606
4827
5806
6501
8032
8503
390
9669
15568
15610
1714
3305
5387
5388
6667
6675
8875
9167
10520
10756
11237
11238
11240
11251
11256
11271
11519
11798
11883
12228
12232
12239
12658
13839
2792
6598
8731
9542
10180
10296
10629
14175
14576
16198
762
3410
4324
5037
6105
6673
12105
4206
10001
13194
99
457
839
969
1044
1112
1414
1416
1418
1429
1464
1465
1468
1906
1925
2355
2842
2848
2908
3023
3247
3427
3662
3674
4489
4985
4986
4987
4988
4989
4990
4991
4992
4994
4995
4996
4997
4998
5000
5003
5004
5008
5009
5010
5011
564
1208
2113
3345
6695
6698
7258
8580
8753
9124
9406
9592
9716
10231
105
844
847
1020
1056
1170
1719
2135
2856
3340
3488
3999
4902
5524
6066
6076
6098
6531
6532
6535
6613
6749
6762
6764
6765
6767
7322
7329
7725
9489
9794
10156
10750
11503
11897
12175
12394
12564
14386
15866
144
4945
6207
6229
6852
7310
7314
4352
4354
10697
14135
15071
15714
15715
3000
4076
6306
6654
6982
6987
7577
9292
10927
11250
13186
16176
85
236
251
268
397
479
518
522
545
551
582
729
742
744
745
936
938
1076
1233
1234
1264
1721
2020
2106
2869
3274
3276
3478
3545
3817
3961
4831
5072
5134
5139
5272
5310
5315
6238
6941
7164
7473
7937
8831
9893
12213
1370
3745
5410
6087
8922
9291
10244
12401
12720
1399
1720
1969
2150
2159
3039
3145
4060
4242
4676
4880
4958
5549
5819
6346
7406
13385
1571
3263
3645
3692
3860
3869
3983
3989
4199
4405
4471
4541
4563
4653
4693
4722
4911
5050
5054
5320
5350
6417
7536
7629
8213
9286
9498
10341
10369
10589
12064
12487
3562
4673
4772
7092
7237
8464
8632
9398
13386
13556
13838
14531
14545
16103
16111
16382
207
1380
2466
2520
2682
3733
4150
5183
6625
6628
7370
8722
10117
10294
10507
11201
12895
13029
13241
13269
13270
5327
7543
7685
8389
8390
9467
9544
10743
12170
13311
14024
14165
15651
5331
7840
8090
10377
10837
12730
2170
2215
7651
8319
282
569
918
951
1861
2336
4575
4577
5228
6466
6607
7838
7943
8206
850
1106
2646
3070
3570
3930
4142
4299
4347
4533
4562
5346
5570
5921
7179
7222
7879
8385
8467
8570
8577
8676
8715
8847
8848
9415
9611
9901
9927
10106
10340
10344
10396
10499
11788
12057
12061
12248
12392
12619
12979
12991
13072
13147
13346
13383
13411
14207
14497
14581
15192
15221
15506
15947
16320
16826
96
2123
3639
3803
5185
10693
13510
333
1186
1205
1456
3561
5446
7157
7569
7812
8498
10056
12321
12554
13146
14298
1923
6345
14772
14915
15012
15675
16287
8
9
340
1410
2272
2605
3537
3542
3602
3712
3728
3729
3731
3794
3894
4225
4263
4296
4297
4298
5601
5979
6925
7126
7395
7422
7670
7817
7878
8621
9466
9640
10171
10902
11048
11059
11342
11979
11980
12200
12940
13244
14917
630
3183
3184
13010
15094
1275
1412
1750
2636
2774
2967
3252
3968
5543
8350
9105
9540
10590
12932
13028
13993
14119
16785
499
5966
8824
12029
12801
12883
13531
13605
13624
14152
14299
14359
14437
15177
16400
16448
16827
16890
6840
7971
8125
8830
9066
11902
12953
13488
13907
13908
14117
14674
14875
15284
949
950
956
2916
5757
6045
7350
7374
11080
12694
77
1271
2097
2204
2898
4045
4318
4421
4632
4983
5336
5367
5906
5971
6179
7053
7326
7941
8451
8527
9001
9036
9037
9111
9857
9967
10210
10217
10351
10515
10657
10740
10813
10880
11083
11232
11326
11896
12319
12461
12466
12467
13098
13099
13553
2558
2565
3244
4025
5035
5188
6487
6497
6498
6506
8545
8770
9061
9528
9670
9875
10040
10308
12189
13089
13140
13732
14082
14773
16773
2189
2190
2367
2973
3760
4305
5295
6109
6559
7288
7961
7990
8762
9355
9991
10407
11054
11358
12223
13013
13143
13150
13226
13314
13566
13646
13733
13785
13844
14000
14017
14245
14261
14294
14415
14422
14548
14557
14636
14637
14708
14720
14798
14878
14881
14975
14982
14990
15006
15147
15179
15205
15216
15252
15270
15315
15326
15331
15345
15374
15384
15398
15615
15642
16132
16139
16140
16205
16359
16377
16390
16439
16444
16458
16521
16766
16780
16794
16850
16879
16917
16929
16979
3196
8036
8457
8458
9757
778
875
913
1365
1425
1739
2356
2619
2626
2783
2896
3288
3896
6370
6396
6407
6459
7602
9215
15306
257
259
1008
1087
2495
2834
3198
3375
3883
4023
4062
4132
4470
4530
4553
4554
4625
5296
5454
5677
5683
5685
6140
6291
6540
6565
6922
7069
7387
7388
7389
7390
7747
8010
8438
8543
8891
9267
9287
9495
10068
429
445
547
2648
2676
2937
2946
3469
3870
4561
4875
5765
5861
6056
6063
6135
6474
6475
6476
6477
1354
4335
5141
8195
10852
15627
16237
16244
4285
14436
15085
15505
15578
15842
206
223
406
1397
2105
5527
7562
7896
9955
13114
1459
1967
3838
4065
4229
5309
5488
7169
7760
9982
688
996
1552
1558
1574
1608
3019
3210
3964
4360
5060
5095
5101
5215
6049
7218
7377
7523
8128
8225
8613
9151
9157
9158
9706
10111
11918
12096
12695
13189
13810
14870
14962
15885
16417
8877
14515
15185
15520
15892
15970
1432
1922
3302
5262
5263
5264
5265
2304
2415
3360
3366
3617
4017
4588
4805
4968
6493
6587
6854
1770
2246
5332
6314
6647
7520
8588
12479
2335
2867
3721
4497
8088
9925
12216
12368
13061
13224
13227
14455
15639
5515
10046
13511
1161
1223
10045
1569
2529
3164
4668
7648
9093
9195
9571
11910
12432
13217
14730
1190
4465
6210
8030
8489
8805
8885
10511
10624
11127
11790
12225
13198
13261
13498
13541
13583
14142
14392
15762
16725
819
972
2863
2876
3098
3752
4000
4001
4536
4663
5066
5174
7197
7928
8131
8331
8819
8909
8984
9707
9825
11704
2797
3955
4268
4800
978
7868
8745
8790
9029
10884
13412
14248
14608
15016
15036
536
558
923
1092
1093
1165
1784
1920
2076
2261
2475
2506
2634
2645
2726
2791
2936
3025
3177
3524
3774
3841
3848
4279
4282
4431
4678
4794
4900
5069
5198
5199
5291
5694
5783
5850
5852
5905
5933
6088
6182
6254
6462
6520
6564
6740
6917
6932
7008
7482
8327
8357
8459
8461
8488
9193
9221
9385
9904
10302
11099
11337
12088
12111
12548
12565
12783
13085
13545
14235
5911
6651
8873
9600
10911
11711
13025
612
1324
4118
4937
4938
5797
7715
8987
9211
9254
10504
12008
12302
12504
12835
12838
14650
14954
15419
15423
16012
16218
16306
16694
16889
230
304
379
402
503
749
763
912
1754
2001
2531
2784
3409
3551
4055
4316
4716
5082
5578
5826
5992
6342
6433
7769
7975
8051
8177
8255
9474
10023
10888
11873
12924
13272
13432
2814
6372
8787
9689
12007
12833
13595
13609
2064
2256
2762
2775
2776
3143
6958
7449
7622
8712
9653
9974
2765
7826
8917
9681
9813
14319
183
185
300
309
319
385
391
392
393
394
395
404
417
509
510
583
889
1077
1486
2280
2734
3314
3455
3781
4277
4288
4293
4473
7142
8985
10152
2156
2175
2176
2780
2979
3482
3584
4658
7117
10447
11521
12517
10085
11137
11536
11552
12416
13987
14098
14695
14793
15539
3513
4848
8808
9447
11223
12963
14243
581
2882
2885
2886
2887
3670
3944
2942
7134
16435
16567
16666
16736
16752
1516
2513
3291
4121
4695
5592
10243
10949
13338
14977
3506
3900
4350
4351
5093
5094
5099
5100
5102
5232
8549
8684
10825
12295
12727
13035
13599
13805
14340
14492
14696
15606
16798
1191
5831
6944
10830
8980
2583
5270
6828
6943
9839
10207
13257
16496
1794
8418
10052
11014
13723
1747
1874
7474
10195
10701
14380
8237
1166
9145
9846
15171
1921
3500
4084
7029
7347
11628
12761
13449
13859
14033
290
346
871
1258
3031
4243
4540
5175
5181
5304
6261
6480
7407
7408
7409
4369
8546
10978
11286
11549
11717
11718
13283
13284
13920
13992
40
6148
6996
10289
10926
12427
12587
12754
12920
12955
13277
13324
13416
13458
13501
13522
13612
13944
14011
14030
14154
14337
14352
14407
14418
14489
3531
7278
9480
11784
2195
459
3818
4361
7965
9539
10885
12076
12396
12404
12626
12726
12961
13228
13502
14272
16384
3149
4180
6453
8690
9063
12493
12881
7203
8565
8567
9490
10167
10348
11017
11077
11112
11727
11996
11997
12169
12541
13060
16184
6174
7443
13620
2639
4016
6213
6214
6379
6553
494
1299
1634
2414
2517
3629
3634
3689
5447
5803
9665
10558
11298
13079
14633
2376
2377
2615
3516
4589
9060
10165
10415
2109
4743
5958
6858
6940
832
1185
2224
2231
2243
4783
6059
6167
6315
8667
9644
11806
12728
13975
15855
507
7122
7226
360
361
693
5161
6106
8150
8368
9073
9576
11341
88
118
1524
1601
1604
2285
2724
4147
4950
8292
8446
10083
11343
11987
12537
14056
14488
14950
15064
15378
16106
16194
16214
16344
16442
16472
16474
16492
16730
16809
339
2447
2666
2904
3682
3982
4220
4768
7013
7866
7909
7997
9303
9508
13875
15057
1983
3544
3829
3984
10081
10141
8818
14282
962
2939
2971
4236
5275
5738
5809
6435
6648
9278
12478
673
2669
4522
5558
5707
7582
9142
9143
12049
993
3330
3430
11119
11976
12264
469
700
1039
1788
1880
2476
3597
4323
4899
5240
5968
6195
6741
7521
8120
8162
9760
9949
10071
10720
10726
10727
10759
10870
11214
11914
12444
14724
3219
4795
4842
7819
8953
8977
10242
11651
13430
1417
2993
4451
6113
9660
10432
14047
14701
14807
833
3730
3842
6560
7893
8713
9033
9214
9897
10398
10554
11513
12610
13088
3238
3241
5027
5170
5605
5802
6211
6739
6753
6875
7272
7348
7718
6095
7479
10833
10959
10981
741
784
793
960
961
979
1374
2612
2809
2968
3068
3785
4280
4509
4812
5142
5731
6367
6510
6537
6957
7023
7090
7172
7539
7586
7944
8209
8355
8486
8965
9820
2059
6478
12910
3017
4796
5981
7927
8514
12627
5028
13882
171
3029
4882
7007
10057
14619
15657
990
1433
2177
2186
2595
3299
3661
4475
4478
6395
6443
7541
8983
9755
816
2440
6629
7588
11252
11612
13090
13214
13415
13919
4110
6677
6692
13168
13374
51
7
677
1643
1657
2840
4166
4191
4400
4826
5109
5280
5441
5443
5450
5999
6371
6373
6414
6415
6418
6420
6421
6422
9661
9926
10444
12673
13459
310
435
553
629
890
1936
3709
6349
6542
7357
12318
2935
4490
5546
9302
13327
13977
14909
15060
4383
6496
9289
14206
14771
201
1977
4175
4230
5402
8260
12376
14325
2300
10196
11750
12018
12656
6233
6279
9047
14351
15926
16200
16212
16348
16357
16419
16526
16531
16547
16549
362
3152
3612
3886
4818
4835
4836
6039
6258
6260
6624
7016
7017
8143
9524
10202
14434
9561
13823
1160
2212
2926
5366
5711
7687
9473
9637
12876
14995
824
3090
3626
5091
6911
8033
484
754
1522
1546
1595
1642
1679
2138
7596
7611
12353
12485
12732
1322
2909
3535
4188
6277
7253
7809
12179
12261
13205
14028
14471
16446
16447
641
2184
8956
9810
8348
9465
13836
4727
5505
7188
11669
11726
11949
12126
12243
12364
12528
12666
12921
13083
13809
14534
14589
14685
14709
14801
14945
15056
15080
15084
15248
15253
15342
15347
15567
15611
15748
15831
15962
16100
16124
16149
16204
16246
16265
16305
16412
16423
16463
16484
16504
16512
16544
16558
16598
16605
16653
16718
16742
16769
16797
16801
16865
16871
16873
16903
16912
16949
2282
6014
7207
7859
7908
8734
10717
11348
15840
15841
16126
12641
14292
15297
1533
4664
5258
5406
7553
9218
10066
11719
11803
11842
12577
13431
9387
10869
11642
12606
13141
13472
15355
2360
7858
8510
8710
1507
4083
6899
7206
8635
8656
9051
422
796
1037
1038
1040
1227
1333
1375
1376
1378
1385
1386
1388
1390
1392
1393
1396
1402
1405
1406
1477
1492
1857
1908
1927
1932
2366
2663
2892
3310
3550
3619
3698
3960
4414
4436
4714
5256
5412
5636
5651
5857
5859
6199
6558
7244
7271
7789
7839
8080
8870
1145
2115
2884
3486
3543
4081
7251
7929
8092
10741
6824
8073
8728
12843
14997
16804
470
991
992
995
997
999
1002
1003
1004
1010
1011
1013
1016
1017
1019
1022
1066
3567
5767
6205
8275
8445
146
46
93
341
448
488
513
514
526
635
636
771
1142
1224
1813
1863
1947
1976
2133
2137
2362
2461
2832
3015
3040
3081
3470
3515
3706
3773
3931
3980
4095
4395
4594
4697
4843
5071
5087
5126
5557
672
5225
5744
6784
7125
7772
10126
11924
13600
14036
14138
14306
14684
354
3702
4976
5294
8853
9457
10234
10965
11551
11894
16812
5448
10192
16219
9979
9980
9981
10983
14034
1911
2270
2386
2801
3560
3572
3991
4386
6869
7603
7707
9312
11665
13309
5813
664
1761
2019
2813
3264
4240
7524
7557
8619
8795
8833
9028
9854
10283
12001
1467
2096
2729
8041
8508
8896
9056
10420
16810
1996
4432
6534
11140
11900
7428
12112
95
471
2698
3895
3904
4951
5251
6736
6985
6991
7156
7488
7967
7987
8337
8610
8789
8923
9396
9409
9413
9636
9855
10016
10067
10300
10472
10789
11029
11338
11585
11809
12251
12455
12602
12948
12960
13380
13390
13802
14007
14010
14063
14356
14547
14552
14618
14799
14913
14937
14953
14985
15199
15388
15436
15561
15810
15854
16118
16142
16177
16252
16263
16308
16510
16513
16548
16556
16559
16566
16580
16650
16665
16709
16899
16930
16970
16974
8117
16635
16681
16833
16906
1814
2772
7056
8703
2046
2764
6034
6054
6307
6514
6516
8228
9399
9647
9649
9727
10773
12344
14218
555
1366
2116
2247
2408
2484
3163
3301
5049
7642
7766
8519
8882
9597
10184
7337
8658
9427
10110
10183
10295
13548
14139
11053
12674
12891
13006
13049
13293
14095
16004
66
487
769
4672
6329
12343
13041
1280
3565
3813
4866
5810
6197
7254
7362
12704
6830
8528
10077
11296
11607
11863
12094
12623
12849
13102
13318
13362
13396
13588
14060
14104
14198
14246
14249
14714
14810
14884
14886
14958
14961
15051
15052
15175
15182
15183
15212
15320
15421
15492
15529
15558
15562
15652
15681
15844
15845
15846
15859
15991
16003
16009
16023
16030
16032
16058
16101
16130
16137
16144
16148
16152
16201
16209
16211
16247
16281
16285
16286
16298
16307
16321
16352
16356
16363
16370
16440
16486
16539
16561
16577
16578
16594
16602
16646
16662
16667
16673
16677
16690
16692
16698
16701
16702
16715
16738
16741
16750
16751
16756
16764
16765
16767
16778
16796
16811
16815
16818
16820
16859
16888
16894
16911
2182
9338
11301
12028
12858
13794
14013
5843
6615
10304
12237
11722
2799
8931
2234
2831
3435
4399
8443
8500
2011
7907
9830
15308
15507
15535
16225
16326
16611
16708
2314
5124
7061
8183
8512
8624
9085
9306
9758
10586
12127
12414
13578
2153
5922
9000
10496
12875
13101
13207
13329
14914
15691
16327
2110
2488
4217
4674
5595
6051
6085
15428
1057
1059
1060
1063
1070
1110
2054
3057
3460
3845
4157
4691
5106
10002
12298
12535
102
1653
3235
4925
6608
11079
11512
12036
12326
12962
13237
1716
1776
2287
3985
4744
4745
4881
5827
576
1785
2844
4053
4205
4620
4637
8411
8730
10454
10542
10559
11764
12212
12217
12218
12699
15517
1635
2361
2940
3555
3635
6655
7319
8854
10069
10576
10945
11045
11702
11905
12012
12406
13384
15256
15321
15775
15870
16301
16670
16719
16760
16944
8058
9931
10061
11200
12356
14236
353
4353
7646
7717
7903
7911
8025
8099
8101
8187
8258
8551
8655
9996
10544
11227
11261
11262
11854
13046
13438
15830
16157
2800
4507
4583
1579
3878
4434
6757
8391
7120
12860
13474
14086
15287
15718
253
983
2607
2608
4861
5097
5316
5832
7136
8198
8245
10422
10613
10792
13011
13015
13188
13539
14251
14459
6018
12022
15541
16585
196
2209
2239
4265
5227
5231
5814
6298
6622
6960
8054
11975
12915
14229
2374
3372
5299
5303
6143
7775
10468
13133
13236
13454
14364
14507
4659
4907
6555
7446
9623
11625
11778
12103
14645
5695
7128
13622
14231
7656
9294
14644
14882
1674
3101
4330
6257
6682
6697
7256
10488
10831
834
1189
1688
2214
2242
2671
6094
7033
8689
985
1176
1697
2099
2131
2148
3581
4455
4456
4508
4510
4513
4612
4642
4887
4908
4909
4942
5017
5018
5317
5319
5423
5440
5805
5961
6567
6643
7607
8596
8601
8732
9766
9963
10688
10689
11937
13414
14549
15021
15948
2111
3065
3714
3987
4107
5369
7178
9165
9840
9860
11118
11982
13253
634
652
3063
4342
5662
10715
12193
12714
368
519
1458
1782
3211
3554
3613
4026
4140
4269
5241
5345
5482
6232
6545
7628
7745
7916
8483
9031
9054
9273
9319
9712
9713
10549
11075
11213
11311
11558
11699
11849
11944
12014
12042
12553
12618
12817
13064
13608
14049
14174
14211
15586
15636
15990
16172
16816
9320
16080
16093
16230
16955
846
1774
2309
5149
6921
7853
8707
9128
11639
14221
4022
6079
7275
7359
7774
9022
11274
13031
13532
13862
13870
13922
14009
14260
14397
14679
14814
14860
15005
15188
15222
15238
15390
15513
15518
15540
15591
15635
15653
15752
15779
15803
15872
15896
15954
16025
16035
16063
16188
16543
16685
16727
16828
16876
16884
16893
5673
5697
334
782
943
1098
3518
5290
5948
7141
7546
7854
8229
8649
8926
9451
11254
246
1262
3266
3295
4237
6224
6343
6580
8042
9833
11241
11644
3024
8353
8727
9204
10259
10307
10339
13725
15523
775
874
2333
5776
5926
7010
7973
9331
10345
10795
10882
11730
12367
12428
2050
2052
2259
2260
2262
2548
4337
6183
6604
8681
1628
1638
1654
1696
3229
4182
4190
5514
5521
6970
7589
7755
10620
10776
1498
2093
2521
5243
7830
7883
8737
9414
2268
2435
3882
4748
4755
5372
6742
8190
9543
12350
13159
599
675
734
735
931
1058
1061
1064
1067
1069
1071
3099
3110
3267
3511
4936
8564
3259
5486
5608
7753
9191
9487
9642
10815
11308
12198
2400
5429
5607
7469
9563
9584
1503
1504
1508
1511
4604
5191
6081
6243
6271
7791
8113
8629
8636
153
4146
5801
7608
1073
3822
3874
3957
4319
5136
6546
7097
8384
9929
1532
5853
6720
7261
8246
8835
9282
9558
9898
10350
10547
10877
11810
12262
13264
14151
14867
1255
2508
2604
5790
7953
9231
10073
16206
16341
3462
9779
15918
7215
7445
7528
8314
10744
11013
11231
12263
2851
10173
11267
11767
16869
16877
141
3116
4527
14172
825
1479
3343
3786
4488
5104
7367
8312
8687
11880
2796
3225
3275
3280
3872
4058
5073
5079
6118
6849
697
5121
6053
6829
7956
9324
10355
10734
10775
10809
11751
12172
12382
13161
13230
13305
13746
14371
14378
14405
14688
14816
14911
14944
14956
14972
15011
15019
15102
15206
15385
15477
15495
15664
15753
15782
15898
16387
16699
5274
5400
8999
10796
10856
5909
6363
8273
7283
10598
616
633
1193
1800
3102
3107
3487
3489
4116
4208
4209
4214
4219
5812
9188
9437
11057
14513
15435
9198
13562
14244
14776
15473
3566
6002
6005
6394
7832
8364
9650
9801
10479
10557
11097
11939
12092
12100
12776
13151
13218
15087
15089
15151
15470
15693
15694
974
975
5203
6139
6157
6678
7425
7919
9333
9335
9471
9900
10525
10929
12060
12144
12440
12799
12898
12971
13155
13178
13229
13268
13368
13445
13518
13743
13760
14057
14314
14479
14544
14727
14762
14993
15068
15092
15125
15170
15230
15369
15437
15438
15553
15722
15725
15727
15730
15734
15974
16036
16284
16374
5998
6017
6563
7415
8379
9797
10704
11125
11634
11817
12351
7463
7464
7465
7468
7470
7471
570
2104
2107
3881
3971
6953
7332
7871
10218
10616
1779
7996
9010
9924
10878
506
1460
3415
3508
4021
4469
4538
5864
7045
7135
8439
8505
9018
9044
10649
10798
10937
11334
12559
12635
13478
16593
4261
7070
7831
8912
9315
10751
13027
14199
1527
2808
7228
7581
9610
10708
11360
11801
12744
12819
13037
13796
7358
11244
15542
16160
2119
4009
6620
7856
8223
11599
14002
2454
6672
288
472
1273
1623
1651
2321
2371
2934
3069
3212
3466
3859
4341
4376
4692
4839
5052
5053
5057
5457
5764
5914
6033
6142
6434
6547
6591
6759
6961
7044
8250
8579
8625
9365
9388
9565
9777
10160
10374
10761
10842
10845
10984
11010
11070
11333
11557
11766
11941
11970
12511
13259
14331
15074
15140
15353
15370
15550
15758
16158
16241
16345
16426
16476
16557
16881
6377
7277
7279
9013
10593
2183
10264
4627
5693
2555
3253
3396
5554
12120
12868
13310
13730
14496
14861
15401
15479
15887
15901
16525
16676
1506
1756
4917
4918
4919
6119
6409
6712
8509
10079
12210
2661
9375
13735
15607
16368
1907
2406
6663
7552
9295
9748
587
803
1926
1951
2023
2477
2662
2866
3279
3633
3648
3678
3934
4066
4317
4418
4425
4428
4437
4439
4440
4443
4447
4733
4734
4874
4940
4974
5077
5236
5390
5784
6090
6168
6348
6525
7610
8079
8286
8408
8525
8558
8693
8694
9129
9150
9366
10062
10082
10226
10233
10655
10994
11012
11206
11495
11635
12045
12323
12650
13529
13833
15204
15319
589
625
632
645
751
1217
2958
3825
5663
6198
8623
9859
9942
10018
10441
11999
12269
13342
1592
3127
3909
4514
4526
4962
6154
8242
8856
10286
12165
12335
12687
12956
14821
14869
1672
4244
5115
6710
7694
7845
7848
1733
5804
14234
14609
15117
15487
3398
4019
7307
7311
9182
11590
12475
12778
13245
15055
15646
7805
1787
3013
3761
8017
8691
8695
4340
5025
9068
12274
12620
2703
4232
5081
5498
5500
5841
6009
7190
7759
8191
8794
8796
8798
8802
8803
8804
9240
9781
10336
11145
11193
11781
12549
12859
13312
13950
2807
2911
4043
4227
5172
5511
5512
5520
5742
5868
191
388
1411
2413
3227
3379
3925
6203
6361
10824
4480
4784
7071
179
708
2021
3534
3769
3854
5737
7571
7664
8004
8263
8611
8617
8772
9217
9643
10330
11242
11770
13045
13070
13288
13558
14269
14430
14550
14594
14626
14753
14855
14866
15107
15343
15399
15444
15486
16360
16489
16712
16790
438
5373
5773
9196
10754
11324
12136
13276
13988
12759
14329
1139
1529
1652
2492
2587
5700
8247
8402
8935
9062
9476
9822
10731
14843
15706
2736
2977
9300
10055
13567
15604
16603
256
2994
3969
4061
4624
4645
5713
5936
6356
6402
6562
7066
7287
7849
9120
9149
9402
9426
9629
9812
10483
10677
11346
12365
12986
7931
9197
10490
10871
11899
13135
13641
16145
16283
14398
4267
4905
5510
7143
7616
7674
8497
9298
9983
11184
12966
13737
15164
1793
2843
4241
3383
6456
8491
8492
8590
10423
12434
12474
13054
13136
13275
13463
13464
14153
14466
14820
14980
15137
15160
15242
15525
15623
16070
13819
14374
14719
2149
2614
4767
7984
11876
14634
2143
2650
2917
3615
3867
4213
4617
4699
5067
5980
8359
8825
13598
6994
9555
13617
13906
904
2412
5301
9749
6463
11176
14051
14406
14761
16133
9183
13960
13980
14309
15072
3146
4371
4730
5920
13197
14192
16693
662
2254
2281
3044
4136
4863
5449
6013
6015
6548
7082
8315
8575
8620
8842
9590
10034
10137
10462
10973
11060
11353
12534
12905
13333
13433
13479
3010
3014
3373
1289
13465
15264
16612
1934
3277
3655
5253
2962
5983
6646
6907
8774
9136
9232
11106
12890
12934
13513
14004
14069
15301
16805
13969
1614
6124
6133
6141
6144
8066
8866
2697
3995
5667
9651
11909
12446
13455
806
1082
1097
6069
6386
7098
11047
11759
1499
5600
7035
869
4233
9685
9691
9694
10804
11245
5973
8084
8918
9910
10135
10992
11066
11073
11347
11867
11871
14170
14424
1120
1868
2677
4817
5235
6147
8182
9799
9908
10245
11687
12578
12781
12941
13328
13557
14252
14890
15330
15946
16089
9742
3756
5526
6028
6636
6834
6881
3047
7232
7576
8208
9816
10709
4720
911
3306
4063
6836
7014
9311
9911
2845
5807
5808
8233
1232
6638
6873
7297
7623
7895
10600
12672
716
3578
3589
4056
4640
4657
6173
7116
7144
7148
10318
11643
12037
829
8142
8671
10010
887
7563
7773
10595
10972
7426
10654
12409
13350
631
1872
2169
2912
3590
4228
7677
7794
8971
9815
10445
10607
10767
13126
6362
4090
9391
13068
14602
2860
2990
4013
2043
8428
707
1171
2172
2928
3618
4901
5655
6335
8573
9344
9577
11220
795
7534
14291
14570
463
605
1102
1493
2249
1298
11279
11280
14969
12442
13325
14408
15379
2392
4195
7780
11968
11994
12388
12879
13174
13371
15356
1496
1598
1686
1991
2410
2519
2679
2707
3155
3192
3880
4198
4926
4960
6400
7079
7770
8172
8184
8963
9083
11535
12230
12579
12705
13280
13313
13941
13997
14785
14919
15592
15973
16572
2897
971
10710
10993
1435
1749
1781
2429
3239
6181
6821
6857
9463
11371
12420
12470
12521
12829
12844
2210
2217
2218
2238
2244
3215
4855
5580
7041
7102
7804
7820
8210
8960
9310
9847
10095
10436
11647
13538
13929
15180
15259
15996
1344
2041
3325
5391
7012
8757
9304
322
2499
3402
4844
5462
7712
8827
10486
10801
10900
12471
13496
13888
11663
12273
12315
14091
15233
15720
16394
16415
16540
16576
16615
16678
16679
16885
610
667
668
3861
4806
5559
5679
6234
6297
6992
7417
8524
8554
8574
9364
11514
12062
528
3134
3374
8317
14391
15078
15418
104
2577
7991
8221
8991
11822
12601
12661
12816
12927
12952
14215
14341
14960
14991
15202
15511
15729
15945
16216
16622
16904
3248
3249
3300
827
6846
8552
8634
8638
8640
8641
10225
10925
13984
195
314
324
337
343
410
411
412
413
414
415
1463
1728
1989
2140
3038
3137
3138
3350
3809
4372
4375
4635
4846
5704
5846
6245
6249
6250
6251
6252
6255
6380
6831
7549
11085
1095
1235
2889
8109
5586
12086
4203
4679
7900
8643
9724
10175
11604
2976
3632
5974
14411
14442
14850
4311
7940
8750
9174
9175
10503
1576
5184
5418
6733
8102
8908
9715
2431
4452
5154
9089
12374
683
2058
2675
5604
6776
10643
4210
13403
14514
496
1279
1566
6812
9836
12900
13435
13803
14360
14428
14474
14592
15014
15058
15368
15968
16102
16289
16686
543
3214
5047
6859
8720
9058
9091
11674
13815
14735
2538
3159
8809
10107
11840
7998
13973
14490
13552
3820
12452
12708
14889
15404
16608
6488
7722
10532
12194
1939
4686
7088
9207
2359
3707
2522
5195
10277
10623
6062
6576
9970
10819
10890
12642
13282
13629
13798
13800
14026
14027
14333
15029
16259
808
2820
4429
4559
5678
7976
8704
9614
10078
13370
14675
6887
8874
9585
9817
10372
10673
10674
10700
11813
13065
13829
14902
15893
1407
4117
9506
10164
948
2591
2593
2903
2948
4501
9098
9126
9525
3898
8608
2905
9518
646
3103
4754
7963
9104
3167
3255
4247
5247
5307
6398
7977
8650
11655
12214
12648
2273
2603
2960
5123
5205
5362
5997
7679
7828
10917
10970
14166
14439
15081
15921
349
810
1099
1422
2672
3073
3282
3509
6946
7816
8047
8361
8742
10074
10519
11500
12473
13235
695
964
2633
7537
350
8860
9808
10028
10136
10257
12231
12426
13103
13104
13577
15988
5796
7974
8829
9008
5869
13885
1644
1945
3457
7556
989
1341
4120
5556
5747
5752
5794
11039
3201
4892
7462
9501
2151
2430
6403
7176
7221
9226
10108
11679
12449
8618
14976
15934
16262
1752
4086
3664
9536
6779
7364
9216
11990
12314
14828
15039
15999
1174
1760
2695
3055
5020
7852
8367
8429
1032
2959
10501
11229
5328
6684
8526
8534
9767
9769
11828
1363
5532
9919
7606
9235
9452
12824
3209
3503
8529
8838
9173
10375
10821
11763
12713
13504
14124
14213
15213
16617
16628
16747
3784
3926
4597
4724
5218
5368
6092
8189
10392
2450
3180
6438
6707
8332
13081
15480
8011
4573
6026
7796
11093
6568
9488
10090
12820
2432
8759
9782
11488
13849
14077
344
947
5720
6100
6337
6894
9370
9725
11603
14426
7334
11861
3341
7269
13166
13243
13425
798
2894
5739
5792
5993
9959
10946
11022
11023
1792
7732
9377
2910
4491
6518
7121
9101
9102
11581
2420
3286
8855
9602
14200
16839
4300
5192
6382
7211
7214
7453
7709
8972
9382
9390
10932
13489
1775
4718
8256
8954
10961
10146
10193
13153
15293
16170
16639
16802
2656
5375
7912
9021
10197
11671
11689
12309
14220
16451
1596
2957
3361
3397
5442
8653
14454
15341
15650
1143
2864
3323
4003
8333
10617
11131
11724
13560
14880
15201
15432
5710
12496
16684
566
5268
6744
9956
9958
8254
8781
10676
11860
1352
2303
3268
3425
3887
4463
9340
9550
10284
10297
11121
12289
12748
13807
14974
3523
3525
3459
11553
12009
2200
621
3206
3958
4711
5092
5928
6235
6406
6543
7171
7604
8122
10285
10721
11157
16806
2559
4093
5427
6074
6492
10592
12937
13167
13202
323
1727
2132
2191
2192
3476
4097
4304
6163
7236
7970
8398
11335
12950
13242
13393
14005
14188
14237
14239
14277
14321
14519
14846
15133
15167
15279
15498
15534
15538
15574
15608
15668
15728
15879
16604
16892
3986
5036
5770
7743
8061
8165
10772
10861
13761
14522
9462
10498
11366
2660
2692
2701
4876
4981
7086
7158
7249
7899
11930
12016
15025
103
145
177
181
306
508
873
886
1443
1869
1909
1992
2101
2108
2257
2504
3032
3498
4172
4382
5196
5305
5533
5821
5975
5976
7217
9360
10596
10653
11139
11609
11741
851
1523
1581
4141
4487
6336
7693
8267
9458
9683
6078
11355
11533
11955
12889
12980
14263
14302
14310
14652
14750
14755
15091
15239
15346
15397
15478
15595
15613
15777
15889
16135
16197
16315
15953
8771
9383
9521
9532
9892
7065
7316
8270
11096
11597
13251
13559
14824
14888
1466
1717
3938
3966
4687
9275
9960
7514
7618
8876
10091
10258
12576
12609
12678
12700
12871
8015
8175
13423
2205
4089
9984
11848
13074
14817
15034
15697
16607
16728
454
2925
3004
9593
9778
10500
10641
11354
11573
11705
11845
12051
12483
12647
12710
13483
13544
14110
14438
14460
14516
14598
14628
14653
14784
14792
14983
15124
15254
15696
16541
16910
4894
5735
5945
757
1094
1119
1530
1531
1536
1540
1548
1549
1553
1554
1560
1573
1575
1578
1583
1585
1587
1589
1591
1593
1600
1603
1606
1607
1609
1610
1612
1618
1621
1622
1633
1639
1641
1646
1649
1655
1656
1659
1660
1661
1667
1670
1676
1678
1680
1682
1692
1693
1695
1701
1702
6452
6465
10093
15365
2047
2824
8299
10268
10281
548
577
6817
6872
973
1913
4904
5026
7356
255
10024
11092
2163
3594
7924
7926
13621
14906
14922
15360
11756
325
2530
4706
4707
6750
8556
9308
12614
14219
14334
5038
6057
7945
9741
12918
1241
3046
3588
8380
9861
9863
12041
12089
12355
6981
12131
12510
14308
14478
14517
14617
14781
14923
15079
15099
15327
15334
15462
15544
15579
1202
1902
3605
9720
9754
13806
12547
556
2095
2873
3385
3697
3876
3977
4033
4355
4368
4879
5046
5068
5125
5128
5759
5762
6031
6202
6281
7662
7781
12841
13039
14020
4103
8622
9804
10094
11543
2398
10005
13127
5929
567
1343
1349
1351
1360
1362
1367
987
2154
9225
9938
11490
6876
311
258
279
908
1295
1316
1494
1495
1501
1726
2130
2134
2288
2296
2922
3250
3447
3463
3805
3901
4332
4512
4546
4810
4851
4955
4980
5024
5029
5030
5032
5045
5127
5246
5254
5271
5435
5463
5484
5485
5492
5507
5705
5956
5985
6107
6116
6117
6128
6180
6209
6265
6311
6519
6589
6640
6650
6661
6717
6871
6902
6955
7006
7028
7034
7060
7062
7257
7259
7284
7404
7678
7683
7684
8009
8284
8285
8436
8571
8786
8823
8889
9079
9156
9227
9301
9523
9587
9675
9918
9975
10181
10248
10394
10514
10587
10670
10755
10806
11373
11509
11555
11739
11777
11889
11943
12164
12495
452
594
1269
1858
2423
3272
4125
5085
5708
5951
8053
8474
9279
10169
10228
10352
10393
10849
10942
6705
9770
12622
14130
14133
14225
15291
16950
6440
6910
11052
13790
774
6460
305
1320
1797
2016
3182
3798
3806
4238
4271
4272
4825
5300
5348
5436
6102
6499
7250
8214
8287
9077
9674
9696
9944
10188
10205
10457
10533
10785
10957
10960
10963
10997
11071
12719
12756
12762
12864
12965
13021
13273
13909
13917
14074
14075
14084
14286
14480
14486
14499
14503
14654
14678
14712
14763
14827
14864
14892
14929
14931
15043
15120
15272
15275
15277
15298
15363
15417
15434
15447
15499
15519
15563
15569
15616
15717
15940
15994
16015
16019
16042
16086
16094
16112
16189
6791
15850
16724
2810
6641
7560
11562
16537
160
783
2403
2779
3438
3504
4077
4549
4698
5358
5394
5860
6256
8288
8377
8572
9160
11078
11166
15488
15936
5396
13614
14072
14137
14457
2401
3491
5014
6880
7104
7746
8499
8975
9014
9219
9246
9381
13003
14467
6
2580
7689
16347
16372
16411
16589
16597
16887
16908
374
375
376
1260
1274
1276
1284
1413
1415
1420
1426
1427
1431
1436
1437
1438
1809
2305
2950
4416
7213
7338
7343
7433
1072
2756
4782
9973
10668
13971
460
1228
3320
4394
4913
5186
7424
8219
9185
9573
10154
10220
10968
10985
11329
11523
1959
6064
7815
8469
11359
14169
1447
5135
8763
4571
5242
5517
7542
8916
9491
10682
11031
11035
11732
11829
11886
12091
12363
12645
12734
12795
12806
13480
14109
14484
15035
15381
15533
15932
2079
2537
7138
7487
8144
4523
5250
5699
8155
9277
1133
1812
3497
3607
3744
4476
5086
5644
6268
6352
8652
9070
9262
9263
10007
10858
12779
237
7177
7276
9477
9667
10521
11122
11616
12116
12245
12639
13645
15260
261
4578
7162
9367
575
644
3054
3106
3139
3452
7351
9645
9997
10702
11377
12005
13339
14025
16087
14493
14554
14760
14928
14941
14947
15426
15494
15629
15750
16027
16051
16220
573
5653
5734
5760
5778
5840
6006
6176
8241
8749
8765
8810
10658
10694
10800
10807
10838
11062
11248
11673
11868
11869
11870
12412
12464
12624
13122
13123
1515
1981
2687
7394
10384
1708
3322
8431
1994
2042
10729
12349
15527
16772
865
6900
14743
16067
1846
7914
1294
1297
1314
2575
5438
5478
6084
373
898
3541
6942
9995
10213
10310
10312
11993
214
315
8192
8939
9976
10659
12671
13265
13427
14377
9520
9534
10699
13487
1745
2083
2541
3652
4712
6792
6860
10333
10892
12423
12972
14624
4680
7131
10695
11832
12872
14553
14894
15015
15217
15739
2640
2932
3400
3401
3403
3405
3406
3975
4859
5414
797
955
3857
5399
5582
6896
8365
9110
9538
9553
10627
11026
11033
11049
11088
12567
12568
13582
4544
7366
9249
10253
10331
10343
10528
10597
11123
11583
11587
11605
11882
12003
12027
12951
12993
14587
15046
15510
16017
720
877
1096
2929
4862
6832
7280
8085
9118
15406
15972
16044
15658
16110
16311
4975
6278
6539
6886
12539
2854
3109
3910
4628
7570
8169
9317
9784
10030
10684
11312
11856
12850
14831
15038
2638
3363
4700
8218
10279
12300
12769
2274
4669
7038
7205
7263
7429
7665
9710
537
5189
6716
10874
11111
2641
2938
4590
9011
10014
5213
6490
10760
1101
3140
8243
8738
9450
9952
10446
11116
11560
11872
11874
11875
7757
12249
15631
371
766
1882
3179
4568
4717
4967
5179
5863
11556
12211
13019
3105
3108
3111
3112
16551
16663
3871
4493
4494
4495
660
3315
6324
6916
7108
7641
9293
9443
9791
11836
12054
4365
8005
9731
3596
2651
5276
7850
7851
7906
3851
5171
5187
10314
8869
10261
10645
10855
10976
12718
915
963
1450
1710
1713
1954
2627
3539
3946
7293
8414
10460
12044
13117
6605
6483
7762
8419
12389
12780
464
4160
9393
10072
10113
10201
14842
15909
7375
14118
14385
2245
3575
4128
4954
7129
9873
10536
10537
11678
13535
215
1953
4380
5043
5334
5547
7659
8472
8523
9401
9572
12256
15662
16648
4320
5910
9121
9762
4184
6073
8561
8899
10006
10021
10550
11174
12143
12145
15961
3727
4088
4275
5173
5702
6190
6193
7191
7655
7690
3407
4129
9535
12072
5428
9620
11151
12675
12731
13985
14178
14238
14401
14402
14429
14440
14698
14752
14768
14769
14802
14805
14847
14981
15061
15126
3388
2347
2544
3676
4704
5740
6527
7011
10572
11693
15285
321
11554
12862
12977
7788
7880
7881
8645
11738
12316
2088
7478
7993
10138
16234
3949
6633
6392
7713
13306
5536
6145
6358
9071
12421
12902
13413
14686
13014
7761
15628
2827
4126
5672
8305
8335
9087
10548
1445
2117
3768
3996
5226
5925
6397
8002
8895
11115
1789
2598
6388
7695
7932
9798
16916
1029
7119
7863
2363
11306
12438
15350
4525
3888
5862
7455
7518
8557
11852
2482
2387
2524
3203
4644
5234
6813
8665
8682
1489
4407
4701
6891
7064
7669
8448
2730
2735
7639
8031
8139
9852
2527
2581
6734
10770
11545
554
669
1281
2995
4521
5493
6125
6274
9140
9146
9172
9856
10903
15796
1736
2344
2855
2862
3030
4259
4897
5176
7559
9096
10752
11973
2600
4895
8766
9178
9932
11180
11225
11981
12034
12605
12633
12750
12983
13447
13497
13584
13930
13974
14183
14318
14470
15791
3837
5157
6719
6865
6998
8269
8304
9356
9359
9599
9708
9922
10149
10235
10571
10661
10998
11038
11177
11364
11498
11539
11934
12106
3780
2065
4601
4801
5200
6666
7173
7344
7436
7652
9703
9848
9945
10742
13503
10229
2496
3421
3429
5432
6038
8322
9405
15045
6823
6892
8726
9107
4133
4250
4253
5041
5939
6606
7671
10812
12075
3395
3577
4656
5163
5746
5748
7459
9595
6270
9843
11615
12682
959
9030
10060
11487
5984
8466
15891
15904
3915
4113
6688
6864
7803
8747
9255
9260
2139
2630
5329
5379
5657
5661
5664
6047
9053
1799
7089
4677
5167
7027
2404
6616
7525
10026
10027
13593
3451
6044
9992
15116
5404
7767
13642
13824
15001
16579
437
872
2202
3242
4054
4830
5269
5551
5566
7282
9237
10865
13056
539
8351
9281
10873
12636
12717
12828
13077
14304
14462
14661
14970
15009
15172
15207
15224
15713
15823
16535
16786
1471
1485
1879
3571
2564
2567
8070
11847
5555
14797
5409
7913
11972
13893
9738
7457
10851
12402
13821
2157
3074
7923
8405
5116
12071
12157
15121
15766
4156
3499
10400
13959
1325
2490
3507
4760
5924
8576
9428
10084
11130
12299
12519
13096
15332
1783
2316
2933
5342
7921
138
157
541
1718
2185
3412
3424
3519
4963
5545
6763
6853
7220
8035
8037
8039
8043
8044
8045
8046
8048
8055
8056
8057
9016
9019
10058
11215
1949
2915
3166
4044
4234
6399
6500
6504
7204
7653
9628
10564
10799
12435
13896
1935
2112
3224
5333
5931
6573
7594
8863
10189
10246
11531
12597
12870
13424
13574
5318
6467
7427
10130
11016
11183
11833
12451
13097
14795
14833
15053
2142
3454
9072
11708
13404
8382
8417
10174
6855
8013
804
4096
7882
8129
8465
8585
9154
9412
10048
12834
5529
5775
1938
4260
7920
10912
3559
10703
11221
12822
478
897
4349
6011
6485
6745
7698
7807
10385
10461
10879
11771
11942
3449
3746
5042
9869
11637
14204
1214
6533
6593
9722
10749
11198
11952
12285
1451
5222
8338
12809
3754
4115
4923
6676
9265
11259
14338
14584
1172
5871
8553
958
1237
2683
2684
2685
4921
11005
12447
5405
7739
8356
9266
2125
6404
9449
12827
9588
9894
8768
14127
14525
15980
7888
8291
13365
968
6738
7771
4758
5490
8307
9800
10406
12784
13835
13855
14403
14871
15851
16008
2871
3283
3715
6376
6536
6787
7195
8279
8328
8393
12238
836
4204
6751
6752
6801
7299
7452
9131
14966
1795
5972
10004
10051
10147
10366
11210
7346
9270
9562
11179
8560
8872
15580
16886
1887
2576
7530
8358
8892
9023
9095
9099
11508
12195
12450
4366
10853
16088
299
5771
7673
8435
13397
16432
11735
9837
13927
347
358
1323
2266
2841
2989
3002
3791
5777
6469
6708
7252
7373
7483
7484
7705
7741
7962
8008
8193
8205
8311
9094
9429
9891
10802
3928
12788
15283
3207
3740
5219
5220
1054
6703
14258
3208
6055
6121
7844
10429
12949
2160
2554
3157
3940
5277
5593
6184
10915
15793
2999
6061
7368
7292
14423
15181
15226
1952
8940
10224
6596
9526
12185
12742
14129
14527
14924
4138
5912
12019
2899
13372
10876
12058
13069
14738
16570
7620
7621
7802
8642
12832
15943
16399
16660
7821
9763
9828
10687
10771
11517
12677
15198
14559
15834
15976
16398
16659
16925
16973
5206
6010
6691
6699
9202
9556
9622
9943
10640
8226
13866
14066
14908
14926
16460
16967
11230
15902
1339
7951
15100
516
5117
6126
2187
2255
3034
7324
8196
8251
8688
9005
9509
9823
9877
9923
11128
2949
3936
6020
6893
4524
14083
16688
12393
16168
16550
9514
9795
11712
12013
13073
13175
13585
13847
14114
14293
3150
4873
10267
10974
12926
3436
7512
8700
8933
9328
11594
12156
12294
12839
14093
15922
4098
4621
7294
7729
8905
9566
12250
13022
416
4652
6089
6468
14601
5323
10347
10426
11961
12503
2665
6575
10324
12043
13611
14596
14994
15013
15186
15261
15497
16075
11846
13219
7889
10463
12489
15065
16153
6727
15602
419
473
498
894
901
2089
3479
3994
4373
4615
4890
5569
5795
5867
6132
6150
6293
6954
6974
8566
9323
9325
12052
5374
16891
2974
8593
9116
6914
9283
10158
10906
11234
12108
13928
10063
12369
14284
14697
297
3173
8597
9348
2881
9135
11043
14145
3477
3494
10886
8342
13948
424
456
1051
2601
5131
5293
6918
7059
7150
7593
7688
8306
9248
9250
9776
10022
10487
10724
11779
11965
12078
12177
12282
12292
12411
12529
12593
12975
13420
13516
13613
14131
14295
14468
14481
14537
14787
14949
15136
15176
15551
15570
15596
15666
15687
15701
15721
15771
15806
16322
16407
16516
16596
16674
16705
16834
16963
602
4634
7202
7363
8087
3954
10356
4087
3974
12081
1982
1986
10691
15654
16364
5942
6375
7376
8893
14759
16951
3389
4705
3574
10442
3131
10476
2319
2322
3359
600
9245
7055
7454
9002
10203
13486
13880
9787
11330
11344
11684
13848
14343
15415
292
2997
4595
5051
5611
7002
8309
8950
9554
10290
10424
11520
11797
11927
12166
12501
12688
12808
12954
13183
13335
13623
14212
14541
14711
14930
15155
15489
15643
15864
16932
14822
16191
6566
7627
7649
16002
878
3174
4006
5712
5947
8764
8542
1154
2847
3843
5143
4468
7046
10088
13024
12707
15215
15829
5583
11192
13579
10131
12183
13872
15411
16054
16227
16257
16720
16774
16966
10475
14612
11839
12398
12538
12654
12683
12914
12944
14322
14350
14419
15130
3600
5190
6995
4186
7301
8401
8403
9259
9504
10254
10991
12226
12692
13450
13451
13581
14987
15134
15161
15440
186
187
431
2610
3501
3717
4387
4751
5610
5613
5696
6222
6901
6945
7047
7290
7638
8140
8668
10182
10569
10786
11144
11901
15004
16536
1731
2036
2688
2817
4771
6318
10428
11931
11959
1804
2514
3087
4833
5597
7550
7595
8321
13254
5353
8378
9679
10102
13360
13724
13895
7699
2092
5874
8074
8506
9169
10405
13550
10219
6841
9271
9362
9606
9607
9872
10003
12032
12087
13307
13822
14723
2463
12698
5417
2039
2643
3558
3911
3993
9376
9746
9747
11638
6963
7291
7480
8559
10527
14957
7981
11287
8106
9208
4433
5932
11932
11733
1943
3413
3458
6295
11284
6842
7042
9885
11680
12329
2674
3587
4410
11662
2493
5476
5539
3020
16267
16505
4270
16852
4105
6339
8788
4531
6065
982
606
5378
5656
5995
5996
6093
6276
9802
14157
127
1488
4049
7835
8530
9339
9545
10291
11000
13112
13300
13354
14023
1261
12812
12813
12814
12815
3847
3066
3945
2773
9064
10664
11486
15304
11736
4363
4397
4506
4832
4903
5118
5433
5768
6364
6783
6956
6978
7568
8811
9055
9604
9849
10964
9920
13627
312
5574
10143
12866
14540
8897
1509
3819
8249
4289
6286
6929
7340
8844
2241
1148
3126
4971
6320
10566
12821
7118
8501
10044
3114
10247
2649
2963
3228
5162
6725
7199
7264
8532
10816
11297
12234
15986
7527
7865
15317
8422
9909
11516
11600
1513
1514
5145
7383
9906
7901
1452
2155
9127
3384
12767
12006
1715
7950
8648
8696
10076
10451
13116
9664
11204
3168
817
4883
5286
8107
5751
7491
7501
7544
11709
11619
11938
12310
12613
14326
6166
2267
4336
4756
5111
6272
7068
7597
7890
7934
8220
9313
9899
10054
10584
12922
16203
16696
16784
6928
327
1725
2755
2757
3564
4378
5982
15018
5908
5289
6444
6451
8966
248
1220
5573
6313
10455
2422
15105
4814
6621
8130
9961
11683
13826
15998
16190
16823
16897
16926
16953
9176
11087
9934
12958
940
941
2438
2439
2442
2443
2444
2924
3237
3701
4064
4127
5671
5816
5837
7619
7626
3586
5257
5393
7728
8723
11489
13067
4500
4749
5940
6040
6610
7862
12252
9394
5458
7281
8007
8238
11332
13834
16122
8168
15195
15975
16481
16563
4539
16380
16795
7493
7676
2632
12515
15763
2833
3493
5382
9505
10438
10868
2857
6244
6659
8518
9035
11007
7360
7723
8477
10866
572
4537
8482
10685
747
1517
6082
7073
7644
8433
8631
8633
9296
9656
9659
9880
9881
9971
11292
12322
13457
12909
13601
15174
90
2161
6072
6146
6226
7132
8019
8427
8709
10208
10323
10611
11167
11891
11903
11929
12033
12142
12233
12403
13417
14197
14670
14811
14812
15050
15581
15678
15705
15746
15942
16704
699
3807
4396
4438
4517
5238
5279
9811
10037
10105
2180
11507
12847
13551
13954
14271
14483
14567
14876
14885
14940
14999
15302
15483
15818
15913
15966
16049
16090
16207
16488
16494
16590
3929
10334
12021
12255
13212
15241
15704
674
2277
2278
2385
5645
8171
10070
10480
12098
12582
13536
13793
14233
15474
6153
6155
10299
12596
13157
13537
13792
13860
14032
14369
14370
14744
14840
15493
15612
15620
15920
15989
16026
16059
16270
16600
1966
2503
3162
7797
7949
8736
10497
13220
10122
16109
16224
8222
356
785
4419
4598
10104
11142
2818
5817
8152
8234
8339
8340
4948
7248
10778
11841
3144
3200
4558
6328
7522
8475
9086
12594
13500
13527
13575
13625
13744
14055
14473
14622
15376
15992
16005
16082
16443
16553
16554
16574
16874
16923
3695
5202
5577
5718
6685
6758
3490
10414
14273
14363
3787
4183
4600
5415
6728
7050
7080
7714
7811
9161
14414
15692
16337
3147
2327
8487
10140
10841
11257
11626
15496
15757
15770
16482
3779
10808
11658
11962
12685
12686
12982
12996
13030
13981
14582
14815
14901
15022
15318
15719
15747
3496
6937
9989
9990
5785
11163
467
1080
1979
2071
3884
4274
7381
7954
7966
8000
9048
9515
10467
10534
10551
10635
11361
11844
12079
12584
13378
14710
16072
16183
16406
16459
16683
3123
4403
9032
9187
9668
9726
9845
10371
11154
13075
13366
13377
13905
7704
13408
13881
8533
678
3270
10836
16462
891
2136
2536
3622
6046
9470
6454
9213
10538
12772
12777
13337
588
6246
6652
7418
8176
11021
11570
15249
4015
8583
8857
9916
10449
14572
6511
7529
7551
13355
5612
6888
7124
12892
5687
7127
8595
5466
6729
11816
12372
14858
15359
16781
16792
2173
4231
7298
9205
12970
12067
5292
2284
3432
3913
9718
11729
11746
13266
13842
13961
2879
2981
3667
4582
11307
13604
10362
10502
11565
2251
2253
3902
6597
12911
3357
6058
7494
7497
10118
10139
10434
10847
7327
11190
13156
14065
15129
15405
5964
9346
7540
14167
15795
4362
8149
13330
13738
233
384
2584
8744
10303
842
6077
7240
7855
9152
10089
10421
10839
234
3521
9379
11926
12130
6631
12796
16934
1242
1512
2426
2982
9076
4024
6130
6814
8942
9425
9714
10236
10814
11782
11826
12253
12566
12882
12939
13349
15445
16389
16661
8495
2009
2213
7243
8097
7196
8371
12747
12789
13203
14146
14472
14599
14721
15429
15601
15617
16231
16573
16640
7738
799
2906
9806
5371
6634
2033
2037
2045
8313
7081
7160
8784
3298
10161
4377
7210
6556
8283
8413
9511
9686
9687
9709
11061
11074
11187
11818
12561
13249
14103
14210
12651
14270
2010
2557
8373
9736
2174
2181
8843
8973
9862
13533
1144
1153
2740
4803
7736
203
1470
12638
12745
12793
16213
4333
4870
8647
9596
10172
14838
3289
3765
7393
9786
11668
12589
15386
11834
272
1998
6007
6288
5214
6296
14087
14301
10764
10803
16913
6223
2307
6748
6299
12721
1266
2839
4290
8627
9081
9242
10477
7860
13296
14038
13294
15231
16048
2003
2907
5682
5799
8974
8978
8979
6008
9658
10399
13524
14896
3947
11621
5155
7320
1319
3338
11579
13192
14339
1183
5065
5763
7137
8578
9212
10157
10823
11916
5201
6160
11958
12757
4631
7100
8900
9297
10378
12073
14107
14964
15305
6595
2090
14421
6165
10452
14558
14680
835
840
4661
9088
2804
3720
3997
6464
6552
7654
8930
9238
9352
10783
12341
5502
7400
13901
14059
9318
9522
10038
10625
13113
13252
15040
16113
13291
11948
7505
12753
11752
11754
11760
2458
2708
3868
4038
4623
5230
7795
9239
8517
10769
11843
13456
15860
12857
14897
14898
2733
11522
11983
12160
12630
7710
14495
14739
15002
15335
16033
11986
15555
1972
2673
7692
2188
2279
2409
2890
3285
3553
3713
5153
7700
10080
11168
16655
2075
10509
7681
3119
3967
5581
7442
7988
8387
10478
3122
3124
5483
6735
7224
8146
8589
8699
9251
9316
10335
11572
11821
11831
12371
12545
12703
12797
12908
12912
12959
13018
13234
13331
13519
13603
14361
14381
14394
14444
14530
14932
15281
15460
16217
12101
387
11749
6156
10732
13441
14965
16091
16196
4152
8660
8743
11946
15482
4666
10418
11263
15138
8883
14477
14485
15312
15683
16791
12267
12995
13734
14349
15070
15234
15257
3290
5144
5146
5990
7242
8493
8921
11725
1772
2396
7730
7733
10988
5455
13473
14432
15375
16125
2811
3328
5401
6642
7391
10969
2556
3121
15971
16542
596
601
603
4815
12740
16226
16840
11532
462
2502
9159
3483
10144
2354
7874
4650
7063
8920
12048
5954
7140
7959
9168
9484
10096
5156
5640
12286
13303
14185
14694
14848
16074
11646
11698
1248
8369
14668
5244
5927
7980
11617
11884
13315
15157
15219
15672
16392
2081
6584
16821
16860
16919
6936
8724
2574
7992
5013
6913
1052
2436
9510
11991
13462
13914
14568
14616
14677
14702
14704
14717
14746
14747
14774
14806
14853
14873
15119
15146
15232
8170
9483
9485
9115
12837
6368
6986
11350
3937
7742
10151
16260
732
733
6687
6696
6790
7686
8936
9125
10458
10826
10956
11042
12328
12586
12595
12973
12988
12999
14070
14358
14767
15524
16021
16123
2407
8215
10053
608
2652
2913
3355
3378
3546
3620
3795
4591
4930
5229
5237
5285
5361
5383
5571
5689
5779
5833
6032
6194
6216
6236
6450
6550
6557
6632
6815
6883
6885
6903
6923
8970
13171
4041
5865
7051
8840
10427
10435
11051
11304
11569
11799
14529
10940
14016
1306
12514
13543
4178
5445
5730
8293
11528
11611
12050
16534
4192
6851
10779
3796
5725
8880
12454
5137
6878
7091
1905
3650
3816
6308
6845
6861
7024
7085
7744
7930
8591
9108
9619
9657
2551
16952
748
1216
2424
7083
13729
15162
8059
15469
10671
10692
11239
3889
14413
14416
14427
14433
14562
14564
14803
6775
10602
4813
4920
5347
7021
10707
12204
12268
13119
6228
4723
5464
5477
7869
8904
9274
10177
10448
12093
345
1518
4051
4057
4893
6870
7123
7331
7435
7526
7873
7875
8185
8455
8637
8957
8958
8959
9247
9280
9775
9915
10493
10817
11149
11152
11178
12649
12723
12766
13381
14728
3549
4765
7345
11608
13466
14073
14893
16020
1705
8547
8739
9435
9805
11065
3739
7265
8082
8686
9253
9948
11228
11563
10050
11018
694
4278
4753
6866
7964
8777
9199
10239
10298
10417
10867
11601
11742
11857
16233
13032
8018
11089
12246
14021
14690
15290
16649
16675
7833
11068
12968
9680
5523
6129
7151
11281
15724
7309
8850
1075
3193
4596
5386
6052
10859
11496
11622
12196
12280
12550
3732
5686
5723
9655
8320
9940
13297
10368
3576
3703
5365
7268
8392
8480
9527
9879
10456
12729
13461
3547
9069
12629
14671
4565
15168
8197
9336
3318
11911
6594
8961
16395
8845
9421
12488
13050
14832
16517
168
16437
16480
16621
16652
16735
16799
16800
16825
16832
16841
16854
10763
5791
10103
2761
7397
8023
9252
11185
13580
10951
12065
14707
1222
5845
8938
12163
13573
15416
15476
15744
15774
16668
14317
6070
11744
764
4569
653
1155
5727
12068
5829
6120
13910
15383
16275
6162
11631
4453
11143
13440
15427
4162
4273
5537
5540
10263
194
1481
4029
4552
5048
5080
5083
5212
5649
6756
9027
14375
16491
7099
8914
14778
5567
8507
10829
228
665
1287
1288
1302
2763
2972
3905
5122
5468
5469
5495
5967
6709
723
4858
6601
8308
14546
10666
2945
4401
10656
12102
12140
14232
5314
4042
12913
4200
7378
4134
9148
10835
2927
9201
6267
7952
12397
3788
3789
3790
4564
4972
6391
3474
6473
13837
9913
1163
1961
2031
4608
7948
8752
8849
9122
9728
14783
15049
370
3918
4683
7777
8111
9092
12697
11336
9244
4864
8341
4106
7636
3685
4535
12611
231
1786
14382
5698
5239
5938
5224
5786
5789
4385
945
12472
8515
9380
4467
3370
363
4404
7323
6585
9634
9783
372
3540
7601
11024
3875
8235
4424
4735
4074
4543
10827
12138
14903
15069
11561
14825
2460
981
326
3623
3863
8295
10373
4008
4249
5159
2481
3856
4315
6856
7185
7186
924
3893
12667
6517
16324
15024
8925
8994
10129
7861
5364
11044
13367
16138
4978
7450
8137
11155
11526
11559
7103
8164
10651
643
651
1758
3084
3530
3792
3824
4111
4215
4216
4218
4221
4222
4276
4694
4934
5340
5519
5650
5652
5703
5726
5866
5915
5986
8447
8662
10630
11136
11632
11789
2528
13902
13986
1169
10015
10881
12852
13094
16376
15371
11653
12659
13026
15825
11165
12823
6590
8239
8412
13066
3094
8476
10311
16073
3568
11113
9177
9299
5377
12542
15873
6668
592
8659
10025
12275
1971
8352
6768
9663
9792
10227
11030
11319
12192
12258
12424
9711
3669
10209
11181
11365
3725
3006
6934
9936
9329
4619
9615
184
6984
3722
6239
2891
8639
16181
7983
9384
4092
6965
15546
15688
16332
11243
13590
2590
9285
3621
210
7105
5755
7503
6523
7764
11101
11102
11103
11104
11339
11878
13158
15424
15960
9350
3653
12413
9438
14955
7161
7341
12327
8919
9440
14796
2248
6507
2014
8841
8915
9040
9702
13808
3751
4785
6212
7305
2085
10178
10818
12020
14355
7026
794
1105
5084
7245
7910
8751
8758
10567
10955
12964
14208
13274
15536
9003
13989
14506
15142
3965
13334
10931
13165
3724
16430
8862
14281
15008
10092
5151
10222
13858
13947
9704
16150
12278
9223
4417
9838
14693
16108
9057
10933
14452
4607
13009
11501
3757
3759
4504
9993
10820
6016
9170
4149
4853
3199
16507
10863
11272
13816
14106
16632
7496
7511
967
5078
13506
11945
9139
11008
12097
12219
12360
13160
12161
13925
14883
3927
13340
8820
9941
3317
2197
4928
6656
7183
7336
8706
2395
16302
10321
2015
8395
11372
2483
2487
3371
3908
3956
4224
4472
5575
6240
6793
7885
8027
8096
8145
8661
13564
3420
1771
1912
1963
1968
11153
7668
9371
11171
8156
8240
759
2951
2952
3624
4947
12118
6760
12135
15076
9314
5359
12640
492
3916
15303
7333
10042
10471
12063
13791
15637
6114
9771
16586
16737
14899
4423
16978
7238
9043
15820
8444
301
1453
5283
6060
12215
2380
8345
9097
9850
10667
9844
14195
3742
10896
14542
14088
14265
13879
14979
16613
12030
5422
6122
7039
919
6445
11067
12873
13125
11134
11645
13869
10675
10419
1229
11529
2026
10381
14344
6771
10782
11034
15589
16414
16538
16717
15769
12533
16361
8902
10017
10190
14126
16971
6436
591
4602
5798
12701
16713
12569
1768
3335
10353
4464
4321
8454
12943
16500
16669
16729
16783
16905
16965
10390
2332
12925
14324
15572
6833
11150
6686
12141
12994
13193
10379
8343
366
12540
14241
14563
14639
2349
4153
7247
8607
8616
5168
7892
8135
9513
14469
2561
2573
2696
2702
4639
4860
7405
7575
7842
13569
4154
14367
14228
3021
14992
11368
13446
5552
8471
9895
11814
4145
11892
13596
165
542
5822
6933
11117
7750
9189
5089
16835
6561
10535
15785
6158
11081
6588
6067
9349
12612
16421
980
5416
10762
12083
12430
13162
13375
14615
14794
611
4969
5016
6508
9492
10908
12884
13509
9666
11293
11547
12077
14555
8265
5800
6700
12938
15906
16587
16726
16734
6939
14844
2880
10665
14203
3376
4176
5096
7067
13589
13597
7580
13499
14001
14196
9560
9594
9818
11161
15311
15733
10928
11196
8725
13998
14320
15338
1055
1762
8072
8375
2647
1268
12773
12333
10904
13121
12340
8179
15148
5825
7939
9502
11170
11173
15808
5074
5824
11172
12046
12711
13033
16473
8599
12851
12283
11636
11566
640
336
13421
14754
14879
14905
10698
10953
13000
15044
10047
8329
2286
2849
15982
8821
16174
4266
6990
8147
8148
8592
9268
10155
14756
15503
14015
826
848
7241
11299
1083
14113
4515
8894
9075
12886
12929
13177
13884
14400
14487
8775
11313
16946
1510
8646
11224
10941
3437
13897
12476
13572
14096
14115
15827
15196
2510
5856
9627
10733
11908
12518
15723
16485
16527
16591
500
15414
5210
11276
12544
3831
7420
7675
9155
13295
14393
10846
6225
12607
12608
12967
8886
155
164
295
298
9305
9486
9832
8424
9698
12017
13004
14857
16642
16672
540
5444
16571
7246
14952
7946
9258
4014
11984
11985
12786
12787
13223
9739
11511
14614
6701
6702
6780
10979
7078
7181
12433
12798
11006
11791
11792
12159
14511
2704
10145
13343
5844
9723
16956
408
13206
14111
12590
3356
5022
10389
11690
14161
9416
10013
10198
3505
12856
8078
15824
16936
16939
16943
9209
9264
952
10206
3700
12184
11623
4878
8783
4856
3897
6108
6732
9617
9851
10360
10512
10788
11086
11289
11318
12031
8657
14748
9756
7719
7201
9697
10425
10725
10887
3262
13120
15132
16770
13071
3548
11090
13317
8376
11063
2694
5076
5562
6569
7645
8536
9395
9690
10553
13271
13832
14058
14388
10337
16624
14936
15475
15509
8347
6626
6889
14435
4868
2004
4287
11714
13040
13260
13388
14155
14190
15619
13184
15556
2145
3976
8602
15000
7703
10680
3243
10114
13298
7475
2705
7032
6137
13196
5658
7640
9583
9789
8778
11303
15210
15366
15776
16143
16592
1207
6551
11765
12663
15143
2013
6924
8203
16128
6491
14819
4750
6305
12709
8663
6217
2655
4312
5434
6461
10380
15552
16680
13618
10634
8416
14156
15062
5960
13256
15250
7843
9184
10412
13080
14404
15564
6369
8252
15886
11124
11162
11865
1074
4752
3772
12301
9500
8562
12405
15145
15848
14048
14933
14978
7749
12785
13209
7022
15910
15159
15258
1239
13523
5133
2624
7461
2693
6171
13990
6389
12854
15077
15439
16461
10834
12497
15797
6714
11540
7554
7555
4885
768
8334
2455
4688
4665
7502
15805
620
7508
12807
6980
15952
2870
1881
10840
12592
3536
11657
15214
10646
6967
4829
3599
126
10260
6926
13164
7936
12696
14029
7093
15112
13361
4949
6877
13347
3135
5177
9389
9408
16626
11591
531
6425
10516
12395
9570
16498
5288
10989
2328
2329
10132
932
5754
16046
8374
9896
9946
9986
10099
3344
10309
11620
7472
2795
13163
15393
13976
11974
11823
13232
8563
9351
10615
12741
4877
6746
8151
14100
11001
8430
9745
580
7960
12284
12558
13935
9853
2318
13913
15269
8449
11659
11691
14312
9039
11015
15410
5946
15548
16354
3151
9737
15576
13106
3296
10332
5828
9735
16864
6706
7113
15603
6898
13951
14101
3334
14446
11912
14247
10166
12676
5150
13057
1315
10403
12384
986
5535
6178
2858
2859
13918
8003
1265
9574
8105
6788
11907
11544
9876
14538
613
8200
3979
10489
12336
9809
9733
8060
11893
12026
7227
13352
13857
9732
15491
8605
2964
5420
7864
2320
9632
730
15622
6003
16824
12874
14577
14643
5119
7145
7146
14463
15265
15876
7590
11110
11025
11114
9601
7666
15178
14224
11084
3823
2427
8946
3035
3443
10914
13213
10168
11830
16367
15881
1121
8383
10642
13345
8932
9052
9132
10473
532
2850
5341
8456
13399
574
16159
590
3304
14482
2569
458
14039
15128
15685
13936
4474
9531
4570
12059
11550
15396
13957
7538
9181
12653
15826
15835
9074
4599
330
4884
5426
9567
9568
9569
9807
2425
14159
13594
12332
5648
2961
6263
