4049
4891
3250
28
5426
1487
124
2365
568
2710
5273
4535
3305
496
4239
3807
2307
2898
982
2909
3270
1456
4560
2790
3937
2361
4901
2358
5185
4123
5290
4489
334
4525
3851
4689
2140
2638
1272
5392
2058
2327
2662
3142
3310
5048
631
5256
5313
1460
209
3613
4622
3307
4923
3053
3317
4389
1513
1751
2343
2855
2813
1617
1157
456
714
4888
2990
2176
316
3408
3523
954
4121
2169
3399
4914
3489
2010
4126
1463
1961
2535
1654
805
5221
1074
3121
1750
4110
1194
2654
5362
672
1222
1981
3298
53
1007
1656
2893
4906
1527
1275
543
5470
68
2398
1458
4384
1956
1516
1854
3397
5436
4844
4220
4936
4360
810
2172
5282
3045
3419
766
149
5124
519
4922
5387
3660
4265
4343
346
425
1638
2772
3491
699
3778
2439
1094
485
129
1716
3369
4592
5219
498
769
2064
2940
5140
241
2587
3545
2709
4431
813
3869
1106
4424
244
2847
262
5070
3667
3339
1353
1880
5149
1689
5378
4567
3829
5277
4491
666
4514
4821
2781
587
5408
3752
2291
3033
2774
4796
4974
2100
301
1083
5526
4628
249
4004
3001
5376
4619
5133
727
3623
579
4236
511
4187
1926
350
2766
3608
2912
2412
1555
4919
4387
5038
2460
1304
4733
1220
288
344
4834
861
701
3694
5401
2481
831
1133
2418
1191
1865
495
1137
5549
3618
4872
4660
783
2566
4823
3997
4373
3789
2688
2163
1345
4661
5368
2864
3184
624
1933
3527
5434
437
3455
2590
364
2253
2376
3097
3380
1337
939
120
4915
2921
2657
2060
5492
3297
3237
5125
2482
1362
5040
4145
3051
1321
3226
2473
3299
607
2040
3911
4952
5270
2316
3174
1105
3413
2978
2000
5056
751
2104
1778
2802
4703
4344
2920
754
1507
2494
4485
652
3440
1301
3376
514
3148
5200
873
3569
3404
3144
2669
2871
3089
5162
530
3240
908
520
4267
1959
2955
2043
5025
4747
3958
471
2420
3548
2051
2199
3252
4441
2668
4612
4451
123
2749
5102
5249
5478
1683
3200
886
2308
3469
5134
735
3723
3154
3850
5422
4340
5079
1298
2831
1573
1502
4301
2865
3935
723
5240
527
5384
1844
2054
3265
1292
1878
1359
325
3214
4558
4294
1518
165
167
5072
3212
2351
1843
2685
553
433
1176
4646
1985
4353
5295
4517
2961
3312
65
3846
483
144
3806
1416
1793
4193
3044
348
5327
2971
2951
2789
1612
1420
880
2326
362
3009
3229
1348
257
1219
1935
3484
4740
2907
5141
1071
1920
395
4356
3375
96
1601
5546
2014
1906
2849
984
3529
1955
919
4446
4172
1280
571
4071
319
4723
997
4020
368
621
3071
4639
3236
1538
2939
4318
1204
215
2132
2258
1706
4436
4479
2116
591
3444
3596
2716
3019
1223
1187
3137
299
3178
1886
4054
2434
1409
3901
3259
1907
4859
3743
1121
1652
1144
1344
4074
1328
5476
326
985
3856
1180
5032
3031
2851
998
5467
166
359
1815
3114
1887
55
4465
838
1669
3594
1734
3277
1931
1583
1148
4585
490
1132
4643
2462
3724
2288
583
4825
4925
2159
1127
4257
2718
2555
4961
5
4950
3458
4161
2945
630
3163
2670
2068
3907
893
1397
2120
1561
3863
3538
5440
778
551
1169
3941
4152
1995
1658
4589
5181
2894
2515
3775
4531
5456
706
4303
1722
658
2797
1703
1267
3267
4035
2196
2872
2059
3905
1119
926
3564
2009
5497
5179
1891
2138
4475
2954
674
2089
4598
3517
4329
1764
4640
3683
5138
804
1824
3438
799
4837
2520
314
3872
2524
2815
1721
627
680
2083
1445
5459
865
3202
1825
1122
1579
3942
1276
2206
338
5533
5454
3903
2129
4138
3284
4992
3980
2565
1414
4957
3461
452
2268
2922
5298
3381
4232
218
797
4082
1873
3442
3552
673
3756
3993
1739
182
4714
2706
3064
3035
1277
1307
1322
5161
3558
3006
3727
4398
66
2835
36
951
46
981
2508
1238
1606
872
3515
2212
2396
175
401
3350
1625
4237
1958
39
4977
15
3973
787
2503
4512
2902
2279
4405
2643
4478
4422
5152
4282
3525
4254
3481
2554
1651
3123
2880
1519
1010
3721
1870
5356
3768
964
2759
4292
2540
4736
3892
2705
4330
2730
416
2617
3521
4971
170
3622
3676
5279
4546
4791
411
5405
93
317
4684
4065
1213
1026
736
2152
5157
4362
1805
137
7
2001
2630
1044
169
3385
3784
3050
4807
3586
1163
523
821
4838
4061
1919
3075
4724
996
2352
812
3498
4415
381
272
5242
3080
4208
3398
1051
1430
3445
4727
5036
3910
657
4468
5031
4986
5105
3560
595
5418
3794
3402
3961
3989
4105
41
1438
888
1614
2934
1112
105
1274
581
3740
1826
4636
267
4732
352
3802
4896
1375
3260
1730
3505
2996
1620
2025
1128
3960
644
1677
5163
3219
2547
2778
980
3209
761
2627
851
4647
2533
435
3323
152
3772
4179
5530
2472
2567
2092
4568
3452
2128
3109
5352
1023
1705
2973
3400
5448
1744
4770
4290
5328
4266
3164
1999
342
5121
2714
552
2467
1027
3103
2854
16
4652
4274
2559
2795
148
3447
2039
5130
3541
4800
4861
610
3936
3
1784
4885
1006
4271
1974
303
4982
4675
5137
1357
2814
3377
4979
1966
5473
4779
2625
3328
1661
2736
309
4811
842
2751
2541
646
2784
2321
1872
5156
4754
1494
1548
3728
1316
419
4037
4730
1653
3029
1585
2146
3315
4380
390
562
3544
2118
5398
424
2645
1283
1427
3056
1564
4497
2932
3708
179
4898
1202
266
4916
5516
254
195
2793
4753
3247
4143
97
1698
415
458
5306
4629
3877
1419
4725
4728
1061
1242
900
40
541
4763
784
1459
1164
3746
2702
4713
5350
30
1361
1813
2296
5011
4744
1110
3248
2495
3663
874
3978
1867
455
988
4599
1477
2648
3671
1126
1339
3506
770
974
1699
4195
2691
3773
1434
84
3258
3979
2672
1407
26
4895
738
4860
882
17
2556
1000
5043
1341
2444
4300
546
378
2900
3370
4010
4115
4137
5017
748
3477
902
2026
4571
1214
3589
2360
5355
4259
475
545
5131
4822
5261
2098
221
1960
637
145
2785
427
2144
3182
885
3428
4019
1737
3868
3497
5372
454
4715
1526
4018
5496
2094
3580
2471
3472
3915
4463
1041
5382
2621
3647
2311
2593
2914
5427
5069
4817
4899
3700
4761
4403
1346
2782
5312
932
1536
229
4136
2424
1293
1637
5511
1792
2747
138
4181
2429
1869
228
1754
4809
4377
2757
1558
3010
1853
760
664
4194
2236
5520
2488
3967
580
273
5158
4076
731
4677
5223
2711
4578
231
2686
3391
292
966
2614
5285
5252
2239
4430
4993
5477
4376
3135
3005
628
5010
2874
1940
4868
5035
2421
3086
5201
2200
284
3379
4081
2498
809
4871
2061
5321
3251
1435
655
5495
987
4342
608
5096
189
3546
1038
619
4409
2226
1895
4904
1442
2652
4088
626
1599
5115
2619
258
1882
2155
1237
1581
3049
3603
2469
5232
4983
127
678
3639
3126
1572
3725
5018
2340
4235
3048
5359
1755
3460
1077
1838
3655
4976
4086
1551
3431
2045
1439
2203
413
712
507
2879
5005
5224
3383
2956
3785
5301
3607
113
2028
3392
875
2884
373
2545
3476
3897
1279
3522
2800
466
3459
1408
174
2165
814
94
911
763
5210
1092
1490
1883
1577
135
4691
2265
1532
263
460
469
354
3632
2786
2194
716
3280
1153
3192
3898
2947
3371
4566
1021
1742
3061
5089
3127
3744
3302
2857
406
1404
3940
3500
612
1350
4032
4227
5406
5106
4470
3321
50
4615
3493
3985
3783
3729
782
363
4863
3953
4544
4326
1693
606
117
1830
4471
5171
3648
3767
5307
4251
1942
577
4104
239
5325
2997
3007
5034
858
3072
594
1055
3899
4413
2414
1924
1799
161
2435
5548
4656
4601
5487
5041
2519
2272
2448
576
4826
3269
4053
320
1806
682
269
5410
4907
4498
2742
1401
535
2197
1086
1380
2112
2450
556
3138
157
2479
5371
2679
1666
3799
836
3513
79
4383
4908
2231
1492
4317
1702
4929
1014
296
62
4460
4942
1600
3888
5400
2099
2975
470
2186
2492
5486
4363
3894
4909
2957
4428
2573
5503
1455
5203
1848
968
5000
1642
1448
1062
4685
4912
1305
1197
2949
3533
2876
260
4699
2363
4386
3643
5461
4842
2838
3730
4883
3842
2769
3698
392
544
720
3208
2404
268
5026
5236
2697
1108
3439
2350
5057
2113
615
5100
5522
3110
938
1788
1635
1365
2830
1842
1013
1012
4116
2925
3787
2015
4319
5396
4720
61
3234
4927
2584
1252
1899
1680
3848
1067
2680
1215
1241
3662
1031
3812
4610
5341
1930
3747
1360
3407
1454
119
4865
1972
890
2500
1747
4519
5028
561
4209
960
4768
4308
3707
4533
2913
542
3659
1508
4418
1649
2195
3368
2671
3241
494
4783
1505
5059
3835
2827
140
3719
618
3228
275
4223
1392
5259
1849
4013
879
5329
5194
3429
3346
1178
4368
4131
3990
384
598
499
2963
4847
835
2875
3635
1329
647
108
2052
5225
1856
4495
1640
339
1835
1075
3702
1901
332
31
950
4434
3917
2485
2507
184
2067
3779
1912
4688
1571
4707
3705
3382
4385
2306
2998
3282
5550
278
2937
3879
2557
1363
2859
3913
1927
4774
4989
4757
2681
4201
3568
2496
1476
3803
393
2750
4721
5429
1225
4706
2850
3670
210
1312
5047
3475
892
1604
5037
2983
4527
1982
4006
4882
639
3017
817
1900
2290
4149
2046
1996
4224
2103
4581
3758
709
5339
2392
4057
1306
3621
5462
3473
366
214
4467
602
5369
1320
2438
2177
3976
820
4696
4055
3295
3669
2777
22
4472
3641
3474
3706
3520
2551
5481
1286
1575
2390
1952
1281
1285
3179
3091
3697
4855
3113
1224
1863
1217
4130
3844
4911
4047
5335
4381
78
1235
371
3322
5209
3531
5509
1990
4543
4419
3274
750
1718
3604
645
2794
1978
412
4366
5169
205
2659
3105
2244
4596
1447
2733
2678
3303
1963
1001
1791
2331
2119
3999
5421
1233
2160
3686
1837
2775
4452
2626
2799
5172
2181
2261
4147
1129
2193
2397
5082
4100
1063
1775
1584
4985
1029
929
5142
5068
633
5420
20
1296
2243
343
1597
3018
5263
5542
1248
1665
4246
465
5231
2219
4402
2453
287
5445
67
4502
5395
1175
5049
569
3170
2673
2245
871
131
2896
1449
3904
2071
2676
3183
5334
2599
611
975
1667
1634
5128
2816
3411
993
3327
2985
355
1336
4108
850
2417
5435
697
3970
2370
669
5413
4788
4180
155
1028
3696
3749
1681
3334
3341
2459
1914
3347
5416
2804
2712
1203
3210
824
1884
1892
1941
300
3642
1711
21
1795
2371
3348
4421
3666
5213
1743
3509
3084
1646
3153
1590
2369
1970
5206
3262
801
3579
2202
686
5178
4746
5377
3610
2895
2389
4458
1474
2552
2877
2483
1511
849
5258
2746
3335
3345
3187
3771
3421
372
4649
1489
969
4162
3832
1725
3026
3215
747
1371
3763
3156
4184
2079
910
2278
4963
4261
1177
176
2862
4786
5153
913
3601
2084
3881
374
3962
1889
59
5009
1017
2839
5216
1398
1073
3246
1524
1
3914
1980
1052
5002
909
3501
2091
510
4603
3125
943
1756
3173
2642
1387
4000
1101
2572
4687
5367
4749
4561
4090
3938
0
1554
203
2027
3194
3750
3814
2761
5390
726
2926
3950
1545
2136
3222
2400
3223
5001
603
2629
907
2514
1451
1484
963
4780
1060
3292
5441
88
3534
1284
1070
2735
724
3677
4022
991
1381
4228
2980
4549
4784
5500
5227
3684
3245
2222
683
23
1911
1152
935
2246
3833
1008
1780
3117
903
4902
4999
3218
4869
549
1130
111
375
3987
3827
790
2527
3819
4884
3065
4829
2443
5218
180
1645
4394
1378
290
1190
4249
3344
3052
4910
4875
2254
1452
2915
3120
1910
4454
1576
1636
4633
4154
3845
2053
4382
3859
234
240
1691
1967
1946
141
845
2241
4175
2493
1263
2320
211
3285
2252
5103
4738
2724
2651
4718
4354
1976
5244
2295
3232
2646
2423
2405
1294
4207
3584
2696
473
3939
1902
803
4202
4500
91
3034
5165
2768
5039
2832
192
2373
2969
2690
270
2560
5053
830
402
5358
2536
3753
1333
5361
2449
5107
217
4602
2580
3016
2861
3688
313
4183
3553
1804
2097
5207
3798
4726
2344
2022
4043
5430
147
1904
4690
409
2273
2598
206
4588
2546
54
5370
5229
1954
2161
5431
1765
5159
1440
2683
1470
1098
3482
3434
1724
2393
1908
4940
1964
4831
3733
1586
1441
905
3373
2242
4621
5280
5375
4810
5248
2542
63
5055
3146
3651
1358
5490
1085
1816
3866
620
5310
4142
1335
3853
71
5116
1594
1922
2454
1120
3139
1396
1983
776
2432
5446
798
5129
3401
3947
1613
2055
1598
3751
2065
5071
605
3099
2324
2379
1506
3206
1905
1570
4616
252
1947
3963
992
772
1102
5545
1817
788
2341
800
4247
246
3765
2056
4248
3575
4504
3412
2088
1390
102
4792
3176
2611
5506
4316
1250
503
3324
2740
3239
356
3573
4322
1785
4758
5164
3448
959
2661
1855
3393
305
143
648
197
1840
2470
4171
2182
4552
5013
5064
1166
5132
289
3609
2738
5360
1356
1738
4853
901
2632
2002
1234
509
1271
5415
1140
4801
3625
934
1759
1994
3975
318
5284
2820
10
1569
573
2127
4414
159
1852
4132
2017
3619
2109
3085
3857
3437
1607
4789
5003
4453
121
4102
4078
3875
4442
4997
1473
4580
4457
2036
4075
722
4350
133
764
1565
4480
3930
5176
3952
2906
2190
4692
2822
532
3367
449
2853
247
4345
779
3597
4058
3530
1819
4030
4634
1069
2929
4913
5296
4651
2135
1544
1266
2087
1525
3389
1875
1769
5523
349
3355
4833
5505
2577
3715
2416
80
3272
4943
1623
4964
1616
2640
5443
1790
2708
4365
4198
5453
5065
3617
2006
773
1861
3403
5363
1196
3581
2534
922
3435
1821
4653
2147
2
1777
1464
404
2468
2487
1580
2889
2910
3693
3928
3867
4427
4608
4813
434
1354
3330
5299
3414
4331
330
238
2023
3003
2372
130
2911
5527
1987
4447
1560
1199
827
1917
1019
3430
3286
4079
3409
696
4014
4617
1206
2329
2465
2422
2216
5463
5212
315
2305
649
3682
739
1997
2382
4361
1373
4101
2821
2323
534
920
3227
3281
4836
4645
4165
2452
3838
2943
5254
3157
3316
933
3169
1437
44
661
2185
781
1314
5315
5304
4040
1076
219
4160
1610
5195
3486
2477
2461
756
2322
2263
3762
2218
4667
4735
60
4355
1596
2931
5265
57
4900
2024
5428
2255
1011
4532
2170
5442
2620
2139
4023
4284
512
3565
859
947
3151
715
3263
629
5014
5174
436
208
4748
4034
4905
2544
2425
2522
1925
4341
2285
3360
3352
2754
4346
2783
1260
114
27
1444
5346
3129
819
3992
4565
3956
2539
1550
1230
2301
4662
5474
3791
806
702
1424
2114
710
917
5062
856
5044
3496
3615
2698
3576
4665
3711
3931
741
1156
4494
1948
1367
2209
1034
432
5468
1988
4166
4772
986
451
792
3333
3111
3190
5345
3094
4025
2117
3271
1918
1040
4785
638
1082
1921
4824
3885
2616
1192
518
329
2779
1208
3118
771
5438
774
1608
1399
2506
4505
2622
918
2959
2264
1676
497
3612
3002
2175
4897
4272
2362
3873
222
3887
87
635
4682
1311
3030
1690
878
1588
4481
2168
2230
311
854
12
2589
2464
1426
2641
4576
4038
2357
99
5234
92
3626
5380
3068
2744
1898
1465
4577
2476
2606
4359
5424
4959
708
3858
1154
5484
3876
1814
2501
2883
1879
2220
4698
868
45
3916
1655
4771
1179
4429
153
3387
1056
2131
297
4507
688
2183
4
3590
4244
4797
5004
4412
5394
3470
502
1096
3995
476
4039
4124
3840
525
2032
3020
4937
2497
3043
4408
171
4625
324
1421
1072
4548
112
3934
4618
4583
4056
4975
4523
3680
480
786
3561
2725
4584
1986
307
2509
5389
1147
744
634
1229
4798
730
386
4474
2232
2049
3504
1748
4819
3363
2833
2037
1317
3058
3054
3390
4388
3526
2605
3824
2597
232
4488
1787
5094
1611
914
3986
1868
3585
927
4700
4011
1173
3492
4693
1058
896
3196
2993
3042
5547
681
4367
983
24
2936
5447
3817
3059
1142
1772
2870
4432
547
403
158
2180
1138
3566
4033
2989
5302
3909
5348
3012
83
949
3366
4338
4657
4655
2596
2981
3908
3485
864
4827
3087
1521
1209
347
5386
1299
2581
4125
600
4425
3304
4310
2178
4112
796
86
77
3115
802
2562
2899
4445
226
3981
430
733
944
4400
5275
1782
1556
2174
1254
417
2764
4146
1715
321
4144
2995
4328
616
3657
3057
2299
1045
4606
136
4670
2886
3124
623
3022
4563
2280
1352
5480
5046
5241
1514
4416
4288
2284
4835
1198
1429
2767
1355
3945
160
3801
5364
4012
3854
2227
1379
1672
4221
5357
2518
1984
1064
3754
990
2445
1033
34
3918
4509
4556
4499
52
264
4199
2150
1950
5319
3902
443
5111
5309
745
757
5322
1059
3933
3757
1621
4559
4443
2499
3681
1195
1249
139
1325
1116
891
3923
19
684
3319
4664
4253
2908
1036
196
3294
1929
1943
3325
3011
1916
1515
3822
5233
2701
1043
1798
2070
692
1481
2145
675
1975
2044
1160
5058
942
691
5528
4678
844
2166
5098
705
1701
5393
3583
3948
3821
3095
4188
5208
742
2108
1100
1740
5145
3736
953
1089
5250
775
1692
2677
49
2141
3685
3786
3098
1155
1820
3949
4755
2156
4597
5402
3464
2807
3714
3329
336
2211
2964
11
2728
3101
668
2563
860
1200
3717
4729
1500
2314
2330
2386
1302
765
5541
4396
5504
2374
2984
5351
3032
2585
51
2791
2960
3658
4242
785
2020
1534
3372
4295
4163
2380
1776
5349
4379
1289
1708
4816
4553
1004
5510
3406
1349
1186
3654
584
1951
2741
4510
970
3996
3198
4934
1453
4320
2748
5255
5524
1523
4135
2111
3160
3755
3159
4225
1602
2692
2353
1184
4506
2248
293
4513
4658
4941
213
4501
118
3813
450
2801
4095
3063
707
5383
4094
1395
596
3734
4717
1923
5451
4978
2033
1095
1862
3518
4955
3687
377
3906
3810
2347
4372
351
5093
4439
5303
1992
1493
3378
2349
1303
877
2574
3078
5120
3096
1618
3266
4867
2210
3290
881
255
2446
4306
110
5150
737
1687
613
2224
4176
491
2603
3944
1370
1998
1258
4832
2486
5146
3283
1432
524
1719
2505
4297
3213
3562
3602
4305
1391
2298
3205
4332
4466
3256
3692
3543
550
2073
4113
1546
4998
2249
4286
1846
4041
2475
2474
3769
4407
563
4397
3314
2529
4217
5274
2713
1531
4487
4953
18
2720
4357
1162
358
1039
1553
2878
677
4017
1183
4668
2601
1377
2080
3145
4854
5052
4378
2655
4127
5220
5211
245
3795
3830
2591
2332
1245
3896
5444
4493
414
3175
2704
1291
2008
825
4304
5243
4631
4812
2105
5308
4946
1839
1081
593
1587
3365
752
5347
2391
5187
107
1088
2164
407
5198
2890
4938
1097
2888
3577
1591
5314
58
397
3792
1394
2727
1779
755
1168
4066
3852
236
69
5460
729
4694
4005
3100
650
3837
2882
855
4191
5078
4557
4477
1670
438
5148
3633
5289
259
2526
1686
5502
4370
4238
4052
995
1949
2383
3983
1024
162
4944
5088
923
2707
4213
1897
3147
1443
1801
1042
1423
4518
3731
4731
1118
1713
1720
4701
5332
538
1482
1211
4663
261
4410
1376
3882
29
2142
2431
2377
1881
3675
4186
555
2428
2699
2300
5108
2532
2988
5251
690
3257
4626
2582
5281
38
2530
5182
2752
484
4156
5186
3921
1475
3809
3932
852
1009
5076
660
439
365
1400
915
564
423
1343
4520
426
2531
382
4042
2387
4970
4264
5075
322
1403
1973
4258
3816
2030
2513
526
3927
4349
4765
227
3062
3024
1226
5168
1239
2419
2458
4214
1938
734
1836
4128
768
3343
1753
150
1568
566
4029
3964
4024
1338
5293
2595
4469
1273
3136
1968
679
833
575
1903
109
3221
3971
4654
3665
1537
2891
2810
81
2892
4233
1539
243
3417
5449
4155
3738
4077
2977
4743
3826
3386
2694
3288
972
3943
5051
4070
3510
2631
713
298
1253
3092
3161
2743
1207
4627
5246
636
3289
2042
537
4752
4814
5144
4926
5257
2868
2050
173
4609
156
501
4857
2402
2916
3199
5260
3037
3984
5109
4939
3088
492
3107
3720
5479
5407
3855
4787
1035
4230
4177
1143
2057
4299
3629
4289
589
753
2979
163
4790
952
2457
5399
5457
528
1578
2436
1684
3279
4862
4695
216
1145
3134
3815
4285
3446
3678
2938
251
3588
3563
3149
5283
3443
2818
1025
279
1185
4903
2812
5409
2653
2234
3777
3074
3841
3770
4686
3487
472
3216
1417
3572
2537
4767
2437
2512
4775
1712
1037
1767
1928
4411
1428
4459
4250
2703
2610
3542
4760
3320
3818
2066
4611
4203
4216
1141
2571
2658
467
505
870
181
3278
3831
4153
989
1729
3162
1330
5489
4719
3800
5117
1135
5517
4189
1641
3652
4515
3354
700
286
1309
1018
341
5118
1227
2689
1877
3849
2204
4973
3131
4109
777
4097
3112
3028
2967
1894
5458
2828
826
4522
2523
4877
4750
1257
420
445
5498
4632
2721
3197
4889
3871
4068
3396
5143
3847
5230
3480
5166
5324
4995
3748
1832
2143
3555
1030
3567
5184
4200
5483
5292
1134
2171
2047
4313
5305
2991
2191
3556
4219
5183
2656
3551
4482
1731
4935
1050
3861
463
940
422
1247
1413
1182
4681
4044
2618
4562
2250
4595
2466
1016
4008
1201
4348
2974
1979
4593
973
811
2633
4456
4840
1991
3450
3014
4245
3141
235
1501
695
4167
3384
1520
4587
194
1696
4969
250
4503
2952
1714
3704
3627
548
1774
6
237
3336
1003
1369
2095
4168
4298
2455
4890
13
2287
2489
4674
1170
2394
1932
4157
4119
5267
4630
2970
1146
941
2426
4420
2003
3338
2309
2650
4059
294
3965
3004
4613
2762
3994
4991
5525
370
4325
1270
295
3674
5023
5300
5262
4072
1165
3466
4799
1048
1773
693
2395
1057
1393
2660
4845
4537
4281
2576
5007
4364
98
1896
2441
2310
2976
4293
3732
3342
625
2078
3217
5205
3691
1099
3102
2125
70
656
4881
4260
1609
1811
1807
90
999
5199
2674
4051
5177
2101
694
4192
1231
3512
2275
2842
1953
4756
4795
2354
1216
1334
4496
2664
1762
4742
3132
1841
1496
5340
1498
2594
3225
3537
2282
5192
2919
1300
5493
1422
5539
187
3571
685
3150
2228
3432
1736
4542
2982
1749
2942
663
994
204
2840
5338
3793
4205
2863
4582
3759
3374
2093
3640
3959
924
5060
2538
4231
1624
2035
1697
4084
5471
978
72
3760
421
1327
128
5336
4722
5519
1109
4624
1735
3424
4089
2407
5154
5271
2447
1318
1431
2613
3900
578
2336
5266
884
2034
4594
1174
2260
4021
2063
5494
380
154
1723
2881
5139
945
5222
5423
1771
4178
622
3766
3021
1483
4591
2607
4850
5050
164
2918
3511
4683
76
2251
4393
3067
5464
3593
1628
1295
2375
2192
3060
4333
641
1436
2719
2484
5531
599
5228
965
2602
2016
1694
2069
1643
4550
794
4103
1673
4369
4669
4450
4931
1313
280
2430
1562
4185
3679
4098
3353
3066
2338
1158
265
3895
906
4987
4637
1351
4279
5063
2440
2406
5016
1410
4449
3966
4876
4170
2543
1528
3535
815
3415
3516
4828
2187
789
3457
898
3739
4009
4846
1770
818
5122
2297
3690
4210
3276
4866
4073
1268
2852
4575
1989
1117
3919
536
2758
4892
487
3453
3395
862
654
1660
2722
2837
1549
172
474
4951
4240
2521
2409
557
4426
728
1582
936
3238
1466
1783
567
3425
3351
2122
4283
2480
2968
5311
1619
5414
614
3082
522
1688
4965
4140
3296
1131
1717
2304
391
3204
837
4679
4516
1944
4455
3891
1467
5317
687
839
3912
1809
2808
3119
453
2848
3514
1647
5538
1503
4538
957
4534
1139
4642
408
4229
5297
1054
1425
1485
2663
2110
3638
2081
930
3870
3957
2342
4122
2229
4820
1707
2286
4462
2525
3454
4529
4085
3968
2760
2615
1864
4841
4312
1831
3106
5226
3955
1246
2408
889
2825
5110
3311
4737
3471
4064
976
2266
1541
2442
5337
2184
3780
3261
558
2151
387
3230
1823
2858
3038
1181
4555
506
3710
5529
2240
640
3449
3133
840
4347
962
3796
4003
3764
5086
224
3357
5518
394
1114
759
5084
3591
807
56
2302
2381
1630
3713
4107
399
5488
2558
3313
5217
337
1876
125
357
1171
5535
4092
2031
3761
5343
4852
464
2561
665
4808
4062
4818
1644
223
762
5465
89
4275
4776
1093
653
2992
2826
1510
4920
1934
3158
3364
3015
4002
1150
847
2517
5238
5045
4676
2941
4358
749
4933
559
5019
5167
500
4806
4948
4461
1047
4614
1412
4169
2198
3291
2074
1913
271
2189
3811
360
4243
2041
1244
126
504
5379
3047
4524
3664
5101
3890
253
1937
1574
5024
3362
3884
4710
5147
4106
5008
3673
481
367
4083
3128
2334
651
513
2904
1969
2600
5374
4984
3177
1890
539
2368
5006
667
4858
2277
2806
376
2085
2364
1682
1858
1324
1509
848
457
2318
1326
1046
2411
2950
2451
5507
2649
82
3539
4878
5175
1915
1504
704
5482
2149
2729
586
3036
75
3742
444
5087
4764
1965
5318
178
743
2579
5294
3254
5173
486
4114
3716
2328
2569
2384
4335
310
3991
151
2137
3090
1615
5095
5239
4590
4148
4794
3326
3878
3253
4536
4672
5366
3595
1977
2270
2259
1639
3699
2415
1674
4352
937
3587
4327
1497
1331
4949
2811
2427
2516
1603
5042
2763
3041
711
3423
3528
2528
4762
1446
1461
1084
2173
1663
3974
4917
302
3668
5180
2731
4015
1632
1472
5155
2844
4437
1542
2388
3180
200
2887
4705
3093
308
4968
703
4966
477
5099
1124
822
2201
3188
2753
5412
597
2294
3536
482
3726
2917
4604
3636
1733
5104
928
1479
1290
3574
3193
971
369
1962
3550
2262
1810
5054
4620
5253
531
5215
3122
1389
5381
632
5091
2962
4007
4638
188
3922
1415
2639
190
3718
1678
4269
5264
5081
2935
3954
1228
2901
5188
4151
4994
1567
4391
4711
5475
4093
1971
1499
2271
4111
3598
1278
73
3249
3554
4702
2635
3468
186
670
5015
5501
4644
718
1557
3081
5235
3880
4371
400
4270
4759
2846
1517
2106
4766
3394
5114
5417
3340
3427
1342
4374
1631
4197
3388
5450
5512
2771
3077
2644
1803
440
1741
3631
168
2866
47
3268
323
3695
431
4050
4483
3309
1261
5437
3235
4027
2745
4739
4947
1486
3069
3361
3540
3860
4158
719
3924
4036
1726
2335
574
5543
5197
609
2873
3532
2205
2221
1111
1936
4134
122
1288
4849
1471
834
2233
5272
3140
4173
3451
5030
3951
1552
1797
4099
3628
3040
4572
4444
4486
4204
1015
2634
4574
540
4988
5113
3843
2325
5126
3893
4417
4440
4680
4773
2359
3745
2433
335
1255
3559
2115
1189
2158
1957
4886
3244
1221
5419
1262
2665
4307
3483
5373
5247
8
3463
2504
4226
5245
2214
1728
3224
4704
3889
5320
2510
2930
3083
5135
1384
1512
447
4539
1535
468
2780
3656
1768
4569
1079
1789
1685
3499
3874
4962
1885
3168
4117
1053
3790
5112
281
1850
2765
2345
379
2502
4031
4851
1087
2843
4741
4551
5061
4026
5073
4956
3988
570
202
5097
4880
2348
3465
2267
2007
5214
5080
1909
398
585
2048
3013
3600
1866
2013
5425
829
2281
2153
5083
4666
2355
3834
4287
3356
2972
5119
4848
2319
572
515
493
4887
5391
4141
4028
33
183
1188
4262
2401
2062
5033
1833
4048
2798
521
2490
588
3359
832
4870
4139
429
3186
4874
1236
3614
4960
3027
4607
4980
3781
921
3108
4063
361
2274
2478
4276
3820
4839
4635
230
5012
2292
5286
1068
1622
4547
2586
5151
4334
2378
3349
306
4392
1662
1491
4296
3243
3287
276
5536
1218
3611
1709
4802
1032
1874
5353
3293
808
1005
1310
4659
1332
866
746
4745
2570
3495
3337
220
3467
1829
3570
1664
3630
4777
732
3023
5160
5385
1193
3982
1529
676
340
1269
1533
4673
1388
2134
3456
1340
3433
4164
2102
1386
95
3828
2666
4234
2682
2548
823
459
2337
4921
4508
2289
25
517
961
643
35
3039
3557
405
3055
554
199
4928
2944
2841
3776
3308
1796
3644
2157
2511
4324
3405
2257
1103
2860
1469
5276
3332
4530
5433
740
1595
1113
134
2845
1745
3358
2637
2927
2628
2029
2856
5202
4448
4554
1433
4212
2126
4087
1078
3191
3172
2933
2107
5491
2413
4521
1488
225
2553
3507
2188
793
5404
1297
3649
3862
1259
4843
3181
1860
4697
191
4623
2726
617
4218
1547
5237
4990
1411
4924
3410
1159
3503
4196
2004
2096
2410
2905
1540
1851
3143
4255
101
1732
462
1522
5544
4433
3079
3701
1468
5365
2583
4263
601
904
1136
3645
353
3502
3130
4511
85
1020
4830
4060
198
42
2366
1383
4423
1480
64
4120
4641
478
2755
5388
1282
1847
876
3689
3634
3275
4323
3441
5499
958
857
489
4302
3883
3735
5331
2162
4241
2019
1939
2005
4805
2787
3650
5439
5411
2636
3420
4315
4570
5326
1372
2312
955
4273
1700
201
5508
5397
1710
4351
1763
1834
5354
4045
1727
1210
4708
2792
385
3195
2693
3836
1462
1761
2207
3722
4001
2339
1308
4464
3076
1648
3605
2965
4375
4709
4605
2124
1559
5515
2647
967
4716
1593
899
2623
3797
2346
207
1104
1626
4526
1566
4734
4182
1364
2090
3547
4435
4958
2834
2293
1264
508
2869
843
312
3207
3709
533
4150
1107
2609
3808
2732
4091
4159
3046
3318
116
5469
2824
3479
2208
3166
283
5466
758
1002
3519
3703
2333
4967
2133
2315
4918
2121
883
2928
717
2805
2276
4541
3972
4579
3462
5268
4336
2994
4778
2756
2215
4280
3624
4339
177
4648
4080
2715
3737
3672
1758
1695
3788
846
1757
4484
448
104
1605
3073
721
780
4406
5521
2592
4545
2179
396
2612
1627
410
671
3426
1240
2999
4395
4945
1822
1115
3969
828
767
2012
488
1172
698
2367
1859
3920
3616
1212
2148
4981
2604
3805
274
146
1592
1893
5189
5485
2737
3025
2923
1563
3201
1659
5532
5074
2550
5020
4815
2238
863
1857
479
3331
2819
689
3070
4712
4856
4573
2817
3653
304
2082
1323
1888
3211
3418
5455
333
4046
2897
103
946
2986
2235
2867
5193
4278
816
2568
1668
1065
3606
3926
2549
2077
2770
2237
3488
2588
2788
2356
5269
4291
3741
5344
4337
1760
4864
2086
2987
3478
560
642
887
3977
328
5191
2803
5092
1405
4490
4930
2885
3925
4206
4782
4390
74
1125
867
2217
5316
592
1871
897
43
3646
418
5170
48
5432
3823
1543
604
2403
4954
2075
4972
106
3620
795
977
282
277
869
1671
5403
5540
1845
4252
4069
1319
2809
327
2578
925
1251
5066
2223
1256
4803
4873
2924
3774
2739
3116
590
242
5291
956
4314
1812
3578
1457
529
2695
4133
2018
3008
4492
3886
142
1450
2723
4404
1402
5288
3306
1066
1495
3171
3185
1161
383
1347
233
1315
1374
3865
4793
3436
2953
2456
2700
4096
3825
3946
388
2948
894
4586
1167
4893
1149
5333
4564
1205
2463
2076
1478
1746
916
1794
1679
582
4401
5472
4650
1629
2313
5085
4067
3255
4118
3661
2317
2776
4190
1265
2399
4476
1752
3422
3582
446
4879
2946
1091
3864
1232
4781
5514
5022
1080
3264
3167
3592
3490
4321
3152
5090
1366
2734
1406
5190
1049
2836
5027
5021
2675
37
4174
4528
1800
5287
1151
3712
2011
841
2130
3231
2687
948
2038
3104
5136
662
3165
389
516
4016
2385
895
428
1385
2684
2823
5278
3839
853
2608
1675
5537
2167
2256
2575
9
4932
3998
3637
5330
1022
3233
14
2154
1633
5123
212
345
1808
4311
2796
2773
1786
3782
3301
2021
725
2958
4268
5196
132
1650
3203
1287
4894
2283
4671
2624
1382
2072
2966
5323
2225
3000
2903
2564
1993
1704
1818
1530
1418
4438
979
3494
3416
3300
5204
1368
2717
1945
2491
4804
5127
2123
4309
3508
1828
2303
185
331
100
3599
4996
931
3155
32
4540
3242
291
1766
3220
1090
442
2213
3524
5452
3189
4256
3929
1781
1657
441
5077
1243
3804
4600
1589
248
565
4277
256
4399
659
1123
5513
193
1802
5067
115
2667
4129
791
3549
912
3273
4215
4222
4751
2829
5029
1827
2269
285
5342
5534
461
2247
4211
4473
